[ 10  50 181  35 147 177  88 194 179  42 166  81 188  18 119  55 183 181
   3   6 177  29  45 134  53  93 142 161   4  69  25 116 144  26  39  85
 165   1 102  45  58 112 158  14 105  35   3 107]
[84 85 28 37 65 61  4  7  1 82 98 42 18 31 25 60 57 21 28 39 90 16  8 40
  6 46 23 97 93 56 19 58 44 13 36 12]
[30 26 62 85 38  3 10 12  0  3 51 88  3 13 42 45 74 63 79 87 55 44 55 51
 35 33 84 99 80 61 18 15 24 41 13 50]
[72 57 87 75 75 64 25 53 53 92 93 92 46 48 41 76 22  9 64 61 13 39 92 65
 58 65 23 20 81 79 42 32 14 19  8 58]
[79 89 17 48 39  7 57 86 73 49 40 56 49 43 88 55 20 26 15 20 52 76 96 79
 24 72 28 27 10 23 23 51  1 42  4  2]
[79 89 17 48 39  7 57 86 73 49 40 56 49 43 88 55 20 26 15 20 52 76 96 79
 24 72 28 27 10 23 23 51  1 42  4  2]
[79 89 17 48 39  7 57 86 73 49 40 56 49 43 88 55 20 26 15 20 52 76 96 79
 24 72 28 27 10 23 23 51  1 42  4  2]
[79 89 17 48 39  7 57 86 73 49 40 56 49 43 88 55 20 26 15 20 52 76 96 79
 24 72 28 27 10 23 23 51  1 42  4  2]
[79 89 17 48 39  7 57 86 73 49 40 56 49 43 88 55 20 26 15 20 52 76 96 79
 24 72 28 27 10 23 23 51  1 42  4  2]
