[77 92 27  5 95 61 61 73 57 39 50 43  5 65 36 45 65 56 52 19 40 48 42  4
 13 67 41 42 98  8 71 18  3 46 84 82]
[47 15 29 35 81 79 12 44 49 54 24 54 42 55 63 81 93 92 80 94 76 64 24  2
 54 72 31 48 42 24 85 49 72 79 65 75]
[47 15 29 35 81 79 12 44 49 54 24 54 42 55 63 81 93 92 80 94 76 64 24  2
 54 72 31 48 42 24 85 49 72 79 65 75]
[45 49 87 59 17  6 29 84 30 19 35 45 71 85 18 29 41 23 51 49 65 72 69 62
 77 95 42 79  9 87  3  1 88 96  2 38]
[45 49 87 59 17  6 29 84 30 19 35 45 71 85 18 29 41 23 51 49 65 72 69 62
 77 95 42 79  9 87  3  1 88 96  2 38]
[45 49 87 59 17  6 29 84 30 19 35 45 71 85 18 29 41 23 51 49 65 72 69 62
 77 95 42 79  9 87  3  1 88 96  2 38]
[41 52 36 97 59 21 33 18 12 41 89 97 25 39 62 34 93 92 15 44 19 17 44 25
 75 71 79 85 62 63 92 78 90 81 79 21]
[41 52 36 97 59 21 33 18 12 41 89 97 25 39 62 34 93 92 15 44 19 17 44 25
 75 71 79 85 62 63 92 78 90 81 79 21]
[41 52 36 97 59 21 33 18 12 41 89 97 25 39 62 34 93 92 15 44 19 17 44 25
 75 71 79 85 62 63 92 78 90 81 79 21]
[41 52 36 97 59 21 33 18 12 41 89 97 25 39 62 34 93 92 15 44 19 17 44 25
 75 71 79 85 62 63 92 78 90 81 79 21]
[41 52 36 97 59 21 33 18 12 41 89 97 25 39 62 34 93 92 15 44 19 17 44 25
 75 71 79 85 62 63 92 78 90 81 79 21]
