[52 48 59 62 31 10 79 91 84 92 79 70 59 15 65 67  7 38 21 38 92 90 68 41
 68 59 42 84]
[16 21 71 61 35 48 68 16 91 85 41 20 65 92  4  7  1 12 31 17 83 65 83 86
 32 15 18 59]
[88 60 18 24  6  3 82 23  2 40 98 84 47 40 46 63 55 65 87 67 71 68 57 94
 96 88 77 70]
[53 35 22  4 13  4 63 61 46 48 50 49 32  4  0 33 73 62 22 42 13 44 50 98
 51 69 79 49]
[50 28  1 19 96 93 23 17 41  8 38 90 79 89 72 54 20 24 28 20 86 64 86 95
 87 77 41 30]
[34 59 78 61 86 83 74  5 53 80 27 17 93 95 50 99 12  6 20 75 39 49 25 48
 69 82 75 31]
