[63 76 94  4  0 40 11 36 92 59 49 34 84 70 58 72 27 77 90 25 44 50 35 24
 74  5 63 22 51 88 30 86 96 36 45 88 81 51 33 30 19 45 15 27  9 32 62 80
 45 74 19 26 75 93 88 66]
[50 56 26 75 48  5 21 44 42 90 82 85 84 87 93 89 98 89 44 45 92 79 12 11
 41 27 68 72]
[95 78 94 63  6  2 34 66 72 83  1 13  5 75 96 78 39 99 34 17 26  6  1 37
 64 18 77 50]
[65 62  0 54 20 23 90 30 31 79 95 94 20 12 33 38 96 80 17 75 35 15 28  4
 32 69 54 89]
[72 41 42 43 98 24 41 11 10 36 99 92  2 10 23 14  6 40 84 75 76 39 94 96
 74 46 94 49]
[29 49  7 30 18 47 55 48 39 62 63 83  9 21 97 94  5 24 89 82 49 59 19  5
 12  8 35 75]
[33 18 57 84 58 96  3 17 73 39 96 76 65 58 30 73 92 67 52 55 19 47 20 49
  9 18 56 75]
[88 85 75 96 45 67 33 25 32 53 49 96 91 46 20 15 28 40 48  5 89 74 31 30
 76 55 36 87]
[18 16 83 48 31 53 60 21  9 53 86 97 89 98 77 97 82 28 73 74 81 96 32 65
 62 79 86 77]
[ 8 38 98 37 70 79 92 87 17  2  8 90 33 49 14 26 80 74  8 52 96 85 14 24
 74 39 48 60]
[34  0 12 39  9 16 42 99 99 35 11 17 83 64 79 22 25 57 60 39 56 49 99 80
 86 99 84 27]
[ 9 88  0  6 59 48 11  6 68 76 37 12 98 92  4 28 81 93 36 59 60 26 81 84
 35 52 44 78]
[41 94 22 23  9 28  5 55 50 33 95 83 76 77 34 89 28 54 23 44  5 31 95 66
 48 46 49 52]
[76 44 24 40  4 37 95 79 81 86 62 24 65 76 86 85 25 31 34 15 66  2 74 40
 87 65  5 23]
[10 33 20 34 86 66 79 57 48 76 49 44 48 10 75 42 15  4 90 76 99 94 27 23
 79 18 96 80]
[95 92 54 74 78 93 16  0 22 81 79 71 46 32 65 26 93 70 33 37 58  9 96 88
  5  0 24 90]
[61 86 42 24 92 90 39 80 20 22 37  5  5  3 39 80 61 21 66 50 81 32  0 10
 92 26 17 15]
[18 17 44 33 87 79 82 93 34 55 85 97 48  1 22 28 58 52 74 21 42 19 18  2
 24 25 91 56]
[81 46 14  7 72 38 54 34 47 43  4  6 60 97 66 90  6 53 85 54 31  6 97 88
 98 77 64 49]
[81 46 14  7 72 38 54 34 47 43  4  6 60 97 66 90  6 53 85 54 31  6 97 88
 98 77 64 49]
[71 36 46 44 41 82 74 63 21  7 43 82 67 37 89 91 33 46 87 86 16 67 27 19
 72 90 54 15]
[63 39 45 35 24 61 29 12 88 37 57 71 31 85 91 93 88 60  2  8  5 28 83 52
 91 64 54 19]
[43 18  5  6 38 28 41 21 30 20 94 60 89 83 71 43 45 49 76 32 34 53 94 93
 21 18 47 14]
[82 98  1 27  3 47 19  0 15 37 70 33 39 53 74 37 19 30 75 79 54 87 76 55
 32 88 77 83]
[ 7 81 11  2 23 25 21 59 23 59 74 59 99 89 34 42 37 26 44 59 43 86 33 26
 82 86 79 53]
[70 76 49 24 47 31 51 17 88 98 56 49  6 22 39 85 63 91 17  0 50 48 25  6
 34 69 55 54]
[57 56  9 69 49 36 79 60 52 73 85 76 35 19 82 83 13 17 25 87 20 28 66 60
  0 53  2 25]
[45 69 86 68 94 80 44 14 37 23 60 36 89 46 68 46 73 95  7 11 16 30 87 95
  1 50 26 25]
[60 45 58 52 21 71 46 40  2 15 53 13 10 45 61 53 95 60 78 70 54 32  1 30
 70 15 48 51]
[38 16 41 46 25 66 64 65 84  9 89 97 97 84  3 14 84 86 37 72 62 46 55 20
 62 28 71 74]
[53  9  8 23 84 42 52 78 40 38 59 24 67 59 27  2 19 71 97 81 17 29 36 77
  1  5 63 94]
[75 44  0 14  5  1 29 43 14 22 18 41 26 56 58 50 15 33 61 92 73 70 93 23
 22 25 45 10]
