[ 7 25 66 78  1  3 29 33 78 78  8 30 50 35 68  2 25 90 25 36  1 60 70 39
 16  5 50 75 10 15  9 75 36  6 75 10 46 89 99 32 11 11 36  3 53  6 50 58
 10 56  4 25 21 25 71  0 50 29 71 41]
[ 7 98 34 10 64 11 47 94 30 40  8 60 37 22 66  2 25 25 81 25  6 60 28 64
 61  5 56 39  7 56 10 95 44 38 11  9 47 57 72  6  1 86 53 34 20  4 25 59
 66  6  3 92 46 27 33  0 66 25 29 59]
[ 4 75 49 10 65  9 50 25 83 20  8 33 87 86 47 10 18 45 67 42  7 72  3 45
 73  3 29 25 90 23 11 50 77 66 23  6 81 50 14 20  5 50 25 92 25  2 25 25
 39 45  0 51 25 44 25  1 31 50  8 95]
[ 5 25 20 25 13  7 77 25 42 87  8 38 56 47 23  6 11 33 91 62  4 25 31 35
 34 10 25 50 60  1  3 25 25 12  8  2 71 33 56 37 11 60 50 17 67  9 50 56
 23 25  1 50 58  7 20  0 50 27 21 38]
[ 9 25 51 20 31  2 25 65  7 25  1 50 25 34 33  5 25 21 25  1 11 61 88 32
 46  8 50 25 10 17  7 25 28 65 78  4 25  9 25 82  3 14 25 27 48  0 50 82
 45 33  6 33 66 27 29 10 20 72 76 16]
[11 29 51 88 62  4 29 59 51 34  7 25 28 70 68  6 47 75 13 20 10 25 62 37
  9  3 25 50 10 23  2 50 32  1 85  1 25 83  9 10  0 25 35 18 69  5 45 20
 40 55  8 53 48 32 75  9 50 30 32 32]
[ 0 25 68 60 27  7 25 40 47  3  4 25 50 29 10 11 50  6 28 42  8 62 96 23
 38  9 67 14 18 85  5 19 50 48  1  6 75 43 10 20 10 53  0 22 50  3 75 25
 44 71  2 62 65 48  5  1 50 67 39 15]
[ 8 47 75 96 25  0 25 39  4  1  9 66 41 19 34 11 62 50  4 13 10 73 35 24
 72  7 68 97 51 14  6 25 66 19 20  2 48 49 37 76  4 62 95 36 25  3 50 48
 14 20  5 25 32 14 63  1 53 55 30 41]
[ 1 70 25 44 21  0 25 25 80 70 11 25 20 25 97  3 32 76 18 23  2 50 46 23
 30  8 75 86 55 11  7 61 43 58 84  4 25 92  5  8  5 66 50 19 81  6 50 31
 17 34  9 10 17  6 65 10 50 20 10 44]
[ 0 45 25 28 70  3 33 25 80 70  6 27  1 23  4  9 29 67 49 67  1 65 62 19
 95 11 25 78 93 56  5 55 15 10 29  2 49 50 19 90  7 87 77  3 38  4 25 82
 25 97  8 50 10 50 33 10 49 83 11 36]
[ 0 25 47 60 29  9 69  6  3 65  3 79 65  1 85  4 25 40 15 86  8 40 16 41
 81  7 25 36 54 25 10 75 48 10 47  6 37 31 23 25 11 50 94 69 25  5 48 98
 21 20  2 25 72  7 25  1 50 25 63  6]
[ 8 27 69 58 25  7 25 48 27 47  6 29 44 31 51  3 30 25 78 68  1 48 25 52
  1  9 75 50 10 84 11 39 50 72 20  0 25 74 52 21  2 17 26 48 25 10 50 50
 24 69  4 25 93 74 21  5 54  6 46 38]
[ 5 56 25 70 25  1 34 35 49 35  9 37 25 65 25 11 25 53 72 14  3 40 25 66
 45  4 25 77 25 58  7 85 52 34 46  2 65 38 10 32  0 59 56 10 44  6 16 50
 56 20  8 50 10 22 22 10 11 50 49 28]
[11 40 25 25  7  6 25 42 60 26  0 25 25  5 66  2 25 25 37 10 10 57 23 18
 20  5 50 25  1 46  8 25 32 35 62  9 28 47 13 87  1 13 25 41 10  7 50 25
 31 45  3 88 29 31 98  4 25 46 25 31]
[ 5 55 25 10  4  1 45 68 10 60  7 65 29 25 70  4 25 16 13 72  0 44 25 52
 43  8 65 74 20 41 10 25 10 25 76  9 50 38 10 88  6 86 75 14 13  3 48 25
 47 49 11 15 37 36 50  2 50 48 33 57]
[ 1 25 66 49 25  3 25 25 10 94 11 29 29 16 33  5 55 46 30 49  8 75 37 10
  2  2 50 40  8 23  4 25 83 50 21  0 50 65 10 43  6 50 18 10 75  7 73 94
 46 62 10 54 48 10  8  9 79 50 10 84]
[ 7 25  1 25 25  5 25 58 45 15  0 75 68 10 35  3 50 70 18 46 10 25 50 21
 65  2 35 76 15 34  9 25 47 35  5  1 50 25 39 51  4 25  6 50 52  6 50 31
 32 54  8 50 24 10 69 11 96 63 23 52]
[11 28 10 22  3  2 75 25  9 75  4 75  7 10 97  5 50 26 25 69  6 53 75 50
  7  8 25  9  7  5  3 49 53 70 42  1 56 25 51 46  0 65 96 10 74  7 50 50
 32 25  9 50 95 10 39 10 15 50 34 10]
[11 67  3 52 53  3 36 25 72 67  9 44 50 25 63  4 72 50 13 20 10 34 70 98
 29  2 25 75 46 20  5 50 50 35 45  8 32 93 47 41  7 28 61 39 52  6 50 80
 10 35  1 45 31 44  2  0 82 47 31  6]
[ 1 72 29 95 21 11 50 72 22 23  5 25 27 61 23  7 25 25 23  5  0 25 39 18
 44  2  2 31  7 41  9 56 36  2 76 10 31 96 46 38  8 81  5 23 31  6 47 50
 25 58  4 71 50 10  7  3 14 50 20 11]
[ 6 40 63 19 32  4 25 25 29 50  3 76 25 43 89  1 25 72 34 23 10 62 76 16
 58  0 52 38 64 32  9 30 11 20 87  8 25 81 40 53 11 27 56  5  2  2 46 57
  8 51  5 65 25 16 38  7 66 25 10  1]
[  5  69  32  16  47   4  26  69  23 100   1  43  31  41  46   0  25  94
  43  20   2  49  33  36  19   3  50  75  50  20   7  25  65  17  70  10
  25  76  35  31   6  50  76  10  45   8  49  24  55  26   9  58  50  25
  26  11  42  11  27  32]
[ 0 75 26 33 20  6 46 30 41 20 10 62 27 76 23  4 25 44 57 29  3 50 25  4
 50  1 70 94 11  7  2  6 57 40 15  7 16 50 94 22  5 47 65 39  4  8 75 30
 57 20 11 74 66 45 68  9 25 28 15  7]
[ 4 35 25 51  7  9 25 14 25 87  7 25 95 25 66 10 50 25 29 12  3 25 25 88
  8  6 79 56  3 39  8 25 27 35 78 11 50  5  7 93  1 66 42 17 85  0 25 66
 10 51  5 56 93 39  7  2 48 65 34 36]
[ 7 68 61 25 51  4 25 46 43 49  3 76 79  5 27 11 25 76 94 42  8 66 56 19
 42  6 25 21 24 65 10 41 52 47 20  9 50 41 16 87  5 33 40 27 46  1 25 25
 15 52  0 25 25  2 52  2 82 77 29  8]
[ 5 25 25 47 10  7 75 91 44 61  4 66 35  9 53 11 25 89 50 28  6 85 25 11
 82  8 50 25 16 97  3 25 25 32 45  2 50 88 35 52  1 85 25 10 63  9 43 81
 42 53 10 46 50 25 31  0 25 72 35 43]
[ 7 25 63 25 48  4 52 75  8  4  3 29 62  8 46  1 37 50 48 45  9 25 73 76
 26  6 25 61 35 34  8 25 43 70 10  0 25 49 47 71  2 54 75 10  5  5 37 68
 23 20 10 25 50 35 23 11 94 34 25 35]
[ 2 48 25 16 70 11 63 88 56 46 10 25 33 10 63  0 67 75 11 32  1 37 50 46
 25  3 29 74  7 50  4 48 28 19 67  9 40 68 20 14  5 43 55 42 15  6 53 74
 11 88  7 86 53 33 80  8 65 50 10  3]
[ 5 62 97 23 82  3 93 88 13 95  7 25 82 25 39  4 25 96 25  1  2 61 25 92
 23  1 98 82 65 17  0 78 93 42 47 10 50 30 10 71  6 53 29 10 46  8 61 90
 27 25  9 27 22 16 32 11 50 15  1 22]
[ 4 25 29 26 25  1 44 48 41 47  7 74 17 45 94  3 36 25 52  2 11 25 29 19
  9  8 75 36 10 25  6 25 50 56 10  0 67 89 12 37  2 50 25 21 45  5 44 50
 16 31  9 75 42 10 25 10 99  5 10 74]
[ 9 25 25 48  7  8 98 87 51 41  1 25 57 25 58  0 36 25 46 32 11 25 33 49
 27 10 50 28 10 59  2 50 75 37 20  6 25  4 45 26  7 27 50 17 28  5 86 50
 11 23  4 25 67 35 77  3 38 55  4 20]
[11 81  6 18 20  9 75  4 10 25  2 57 25 18 70  1 69 48 23 46  8 65 47 55
 87  0 83 25 44 23  3 40 32 79 10  7 25 50 56 40 10 50 25 10 87  6 50 50
 10 20  4 25 38 60 25  5 50 11 19  5]
[ 5 25 76 17 93 10 26  7 24 27  9 99 31 21 17  0 75 92 21 26  3 25 37 30
 38  4 50 69 10 26  2 25 25  7 35 11 13 34 16 69  1  6 25 34 76  6 75 30
 71 20  7 24 52 67 24  8 25 69 35 45]
[ 1 25 45 41 40  8 50 26 93 10  2 31 70 91  5 11 66 78 13 10  7 70 77  1
 20  9 75 56 10 75  0 50 67 10 28  4 61 40  1 31  3 25 30 59 31  5 27 51
 58 10  6 50 30 12 25 10 90 17  3 10]
[ 6 51 25 20 70  1 74 32 11 50  8 63 43 22 23  0 25 25 82 23 11 29 50 56
 84  4 25 72 35 10 10 54 50 10 64  2 50 50 24 20  7 36 74 62  6  9 79 98
 10 36  5 32 66 54  1  3 39 50 57 69]
[  6  45  32  40  44   5  50  75  30  20   2  75  48  10  16   3  50  57
   7  38   7  86  69   9   9   8  39  61  46   7   4  25   7  17  95  11
  99  96  13  38   1  71  27  28  32   0  42  82  72  25   9  75  50  10
  30  10  50  31  71 100]
[ 2 49 25 73 25  1 56 25 28 70  6 45 50 40 25  9 37 33 48 32 11 25 48 65
 27  8 48 25 24 32  7 50 33  1 60 10 50 30 10 25  5 70 50 10 28  0 25 77
 25  5  4 82 50 23 28  3 14 75 20 20]
[ 8 75 19 10 99  2 25 88 25 74  5 50 46 10 25  1 64 63 56 25 11 68 46 51
 38  3 50 25 69  8  0 89 68 10 20  7 62 18 57 73  9 50 29 10 92  4 58 15
 31 31  6 50 54 25 41 10 50 50 53 21]
[10 25  5 25 11  1 60 31 20 20  2 45 66 40 21  3 50 25 15 70  5 50 24 25
 26  8 75 28 16 22  7 25 42 25 10  4 85 50 10 23  9 59 33 61 10 11 44 43
 73 18  0 75 48 20  5  6 50 52  1 26]
[ 1 46 25  1 98  2 54 51 15 44 11 25 93 66 33  0 42 46 20 18  6 25 11 29
 84  3 57 47 48 17  4 25 89 25 51  5 47 75 13 20  7 25 93 73 23  9 25 30
 21 10  8 50 69 70 65 10 50 62 10 72]
[ 2 32 31 53 15  1 25 98 25 64 10 46 61 23 19  0 53 64 39 31  9 65 67 16
  5  3 94 59 25 74  4 25 25 25 53  5 50 50 35 56  6 50 74 69  5  8 25 33
 35 97  7 73 54 21  6 11 36 34 40 47]
[ 5 25 25 61 25  1 69 25 88  1  0 87 25  6 13  8 75 10 45 32  2 11 38 41
 23  3 17 26 48 69  9 48 42  5  5  4 25 41 13 70 11 25 36 19 27  6 50 50
 18 31  7 33 50 51  3 10 45 42 15 77]
[ 9 66 57 19 77  6 25 78  3 23  3 25 25 94 70 11 72 27 47 40  2 25 29 35
 20  5 96 50 22 63  8 85  9 10 99  1 82 67 13 73  0 75 64 42 35  7 48 77
  2 98  4 41 98 32 31 10 51 50 10 80]
[  1  75  75  22   1   0  73  47  47  28   4  25  21  27  66   2  50  55
  32  20  10  75  12  10  75   3  47  33  32  57   6  31  56  44  23   9
  50  25  16  69   5  56  30  19  25   7  67  48  23  72   8  42  61  43
  15  11  50 100   5  22]
[ 8 25 85 43 35  1 75 60 10 34 10 51 94 49 40  3 50 29 36 66  0 75 25 71
 25  7 79 99 28 13  6 25  5 15 70  2 50 93 11 18  5 25 57 35 24  9 50 36
 15 85  4 50 37  3 63 11 32 13  1 81]
[10 25 50 60 11  7 66 82 53 91  1 66 76 19 64  0 98 25  3 61  4 75 50 10
  5  2 75 91 21 39  9 43 92 31  6 11 50 50 16 84  3 10 56 96 11  5 50 90
 10 35  8 75 10 26 35  6 50 61 25 34]
[11 37  6 13 50  2 45 25 14 70 10 62 32 10 23  4 75 25 25 25  9 33 10 17
 40  1 25 80 15 20  8 57 82 37 47  6 25 50 47  2  7 50 41  6 31  0 65 60
  5 20  3 24 25 93 61  5 50 50 10 19]
[ 1 25 92  9 76  0 79 25 96 25  7 25 71 67 24  4 50  0 29 47  5 34 93 16
 70  2 20 50 20 80  3 17 50 69  1 10 53 50 32  2  6 46 37 94 15  8 39  6
 21 71  9 50 46 38 18 11 93 31  3 27]
[ 7 25 62 50 33  3 77 74 32  4 10 47 60  2 53  9 72 37 23 23 11 25 65 94
  1  2 42 75 25 20  8 44 25 63 10  1 82 50  9 25  5 25 13  7 57  6 22 49
 20 21  4 25 62 19 10  0 25 53 24 16]
[ 4 71  7 14 82  6 38 30 28 63 10 75 19 10 76  9 25 66 44 47  8 40 69 20
 13 11 88 53  5 36  7 51 29 16 40  1 61 25 56 25  0 25 25 71 27  5 53 22
 14  1  3 29 50 24 24  2 32 50 32 25]
