[ 6 25  3  9  1  1 25 25  1 13  7 50 25 45 50  0 50 50 25 45  2 25 49 36
 39  3 46 50 25  3  4 25 25 25 38  5 25 50 49 20  8 25 18 35 20  9 25 25
 25 65 10 25 25 60 10]
[ 6 50 40 35 50  2 25 25  8 72  1 25 25 25  6  0 77 31  4 85 10 25  7 25
 11  3  1 25 50  9  4 50 65  5 30  9 53 25  8 78  8 54 50 25 25  5 46  8
 14 54  7 50  8 10  8]
[ 2 25 25 45  6  3 25 31 25 32  0 25 25 70 25  4 25  8 20 46  1 59 59 36
 20  7 49 30 35 25  5 45 30 14 65  6 24 60 35 15  8 25 10  1  8  9 22 50
 45  4 10 32 30  4 32]
[ 4 25 25 10 45  3 25 50 25 25  5 30 50 45  5  7 25 30 45 45  2 25 25 25
  3  8 25 25 25 31  6 40  3  3 45  1 29 50 46 35  0 25 25 50 25  9 50 25
  7 50 10 22 31 52  3]
[ 3 25 50 14 25  2 35 25 59 25  9 25 25 50  2  4 25 25  3 50 10 25 27 25
 50  8 25 30 43  7  1 42 45 25  6  6 25 50 38  1  7 45 25  1 47  5  1 45
  4 25  0 25 50 50  5]
[ 3 25 25 25 25  9 25 75 35 59  8 78 25 63 25  0 25 25 25  5  4 50 50 25
 50  1 12 30 35 50  5 40 35 45 35  6 50 25 35 45  2 12 50 50 20  7 50 13
 38 10 10 60 50  9 45]
[ 3 25 46 46 25  2 25 25 50 21  4 50 25 50 25  1 85 46 10 49  6 25 50 25
 60  9 50 50 10 50  5  2  7  2 62  0 45 25 25  7  7 50 26  3 51  8 32 24
 24 10 10 50 10 35 25]
[ 6 25  5  9 50  3 25 50 25 44  2 34 47  5 35  8 25 30  7  2  7  2 37 23
 58 10 25 10 12 51  4 50 25 33 96  0 25 25 50 45  1 40 25 24 25  9 50 61
 50 50  5 48  9 12 50]
[ 3 25 25 25  2  2 64 27 45 68  4 25  1 25 65  6 25  6 37  7  1 50 25 25
 25  0 50 25  9  2  5 31 25 50 50  7 11 75 35  8  8 25 25 41 25  9 27 50
 50  9 10 42 38 31 35]
[ 1 25 25 40 38  3 45 25  5  1  6 27 25 30  7  2 30 45 10 25  4 25 49 60
 25  5 50 18 12 25 10 25 30 50 10  7 25 45 50 30  8 25 29 47 25  9 37 29
 23  7  0 25 50 25 41]
[ 3 25 25 32 30  1 25 25 70 25  2 25 50 25 35  0 25 30 35 43  4 25 28 51
  7 10 58 25  3 50  5  9 35 51 25  9 25 50  4  6  6 25 49 50 21  7 40 10
  8 47  8 25 46 30 12]
[ 3 25 25 25 32  2 25 58 25 25  4 25 25 25 45 10 25  9  3 50  1 25 25 50
 12  6 46 38 39  1  0 55 37  3 25  5 15 17 45 50  7 25 39 50  1  8 75 22
  1 20  9  5 25 35 22]
[ 6 25  4 25 25  8 25 25  1 25  7  6 29 45 23  5 25  5  8  3  3 58 54  1
 25 10 25  4 16  5  4 25 25 62 25  2 50 29 45 25  1 33 25 46 24  9 53 32
 50 25  0 41 25  3 40]
[ 6 25  9  6 80  3 25 25 25 25  5 25 70 25 46  9 59 44 25 50  7  1 25 25
 54  2 31 45 25 10  8 50 25 10  2  4 25 25  7 25  0 50 25 25 50  1 40 25
 50 20 10 49 34 26 39]
[ 2 49 25 50  1  3  1 25  4 41  9 25 55 25 10  4 25 57 40  6  8 25 30  1
  9  1 25 56 25 25  5 30 36  5 25  0 50 50  6 50  7 32  6  1 25  6 25 25
 42 70 10 15 42  3 51]
[ 8 26 25  3 45  2 25 25 25 39  3 25 25 25 30  4 25 25 18 25  1 25 83 24
 41  5 49 75 35 20  0 32 25 33  4  6 73 10 28 40 10 25 65 29 10  7  4 19
 34 20  9  2 45 35 31]
[ 3 35 25 25 20  2 42 25 25 50  1 25 25 45  3  6 25 35 46  6  5 25 25  2
 35  9 25 25  7 30  4 25  7 25 35  0 50 47 25 23  7 50  9  2 30  8 37  3
 23 25 10  3 25 25 49]
[ 1 25 25 25 55  2 23 50 25  8  3 13 25 50 50  4 25 25 25 27  0 25 25  1
 25  7 29 30 50 50  6 25 13 23 25  8 25  7 25 19 10 25 10 33 25  5 25 35
 35 46  9 48 36 49 25]
[ 6 25  3 25 35  1 50 25 35 23  3 25 25  4 25  9 25  3 25 30  2 50 47  6
 25  4 25 25  2 25  5 50 25  3 25  0 32 25 45 68  8 25 25 35 38  7  5 38
 25  4 10 36  8 19 10]
[ 6 25  9  2 69  3 25 25 35 50  2 27 25 33 50  4 25 36 25 25  9 45 25 15
 17  1 50 25 12 25  8 25 17 50 75  5 40  0 10 40  0 45 25 40 12  7  7 30
 50 65 10 25 33 17  1]
[ 3 25 73  2 45  2 25 50 50 12  4 25  2 25  3  1 25 62 52 33  7 27 17 75
  9  6 25 50 25 25  8 25 38 60 50  5 50 50 10 45  0 25 73 25 55  9 57 50
  5 25 10 27 30 45 50]
[ 6 25  2 25 25  3 25 25 35 25  1 25 25 70 22  4 25  4 25 31  7  2 27  7
 25  8 25  2 31  3  2 50 50 78 25  5 62 50 10 25  9 46 25 16 25  0 75 47
 20 47 10 80  4 74 25]
[ 3 50 25 25 25  2 25 40 35 25  4 64  1 21 50  1 50 25 10 15  9 25 25 36
  7  5 50 29 77 21  8 64 32 25  5  0 25 93 39 22  7 25 50 20 78  6 15 50
 23 20 10 50 10  9 19]
[ 3 25 25 30 13  2 25 25 25  3  6 25 89 25 29  7  4  6 50  4  1 25 31 70
 20 10 50  8 93 57  4 35  2 15 25  8 25 50 50 15  9 50 25  4 25  0 50 51
 25 66  5 40  6 34 50]
[ 6 75 25  1 25  3 25 25 48 25  2 25 25 35 50  5 25 12 25  2  4 25  6  8
 50  8 25 25 50 99  1 50 75  6  4  0 50 25  5 15  7 10 30 30 25 10 25 58
 30  6  9 40  7  4 61]
[ 3 25 25 25  9  6 25 25 80 10  2 25 45 50 25  4 50 50 35 25  1 25 25 50
  7  5 50 22 10 62  0 51 32 44 25  7 25 35  5  3  8 25 35 25 33  9 15 47
 50 50 10 30  4  3 49]
[ 6 25 96 25 25  3 25 25 25  1  0 45 65  2  5  1 12 25 13  4  4 50 10 25
 75  9 25 40 25 10  2 10 25 46 50  5 45 30 39 50  7 14 47 62  4  8 28 39
 22 25 10 50  6 25 50]
[ 8 25 10 25 63  6 25 35 25  3  3 25 29 25  5  2 63 34 75 61  5 50 25 10
 70 10 25 25  7 25  4 50 57 35  6  7  5 38 23  9  1 76 30  9 50  0 42 50
 31 25  9 46 50 35 21]
[ 3 25 25 25 35  2 25 79 25 25  6 50 25 25 35  4 50 25 45 25  5 25 50  6
  6  1 25 25 70 45  7 40 15  1 75  0 50 25  9  4  8 50  5 10 50  9 25 36
 25  9 10  0 45 50 25]
[ 8 25 10 25 25  5 25 50 25 10  2 25 59  4 25  9  3 35 37 10  6 15 50 25
  9  7  5 31  5 25  1 50 45  3 25  3  0 50 10 26  4 50 60 25  1  0 75 50
 10  9 10  8 15 50 32]
[ 6 25 75  3 25  2 25 25 25 59  3 25 25 35  8  1 25 75 35 20  0 25 84  5
  7  4 25 46 35 49  5 25 50 45 25  7  7 39  7 49  8 33 50 52 10  9 50 30
 10 25 10 80 20 25 60]
[ 0 25 25 25 50  3 25 25 25 25  8 25 50 25 46  2 38 45 22 43  1 15 41 47
 10  4 25 30 35 25  5 25 25 25 25  9 25  5 58  9 10 91 25 63 75  7 25 20
 45 46  6 50 43  1 25]
[ 0 25 50 10 25  2 25 25 50 70  3 40 58 50 25 10 25  5 25 25  4 39  3 46
  8  9 25  3 20 50  8 25 14 35 39  6 50 50 32  4  1 50 36 10 35  5 45 26
  3 90  7 47 38 62 61]
[ 3 25 25 35  3  2 25 25 25 50  4 25 35 50 60  9 46 25 25  4  5 61 30 50
 20  8 25 50 43 60  1 25 50 35 20  6  5 25 20 45  0 25 46  2 34  7 25 50
 94 70 10 25 29 17 36]
[10 25 25  6  3  2 25 25 41 25  3  6 50  6 30  4 58 25 50  6  1 29 25 31
 40  0 25 50 21 45  9 25 50 25 25  6 45 35 10 25  5  2 50 78  7  7 20 13
 35  7  8 50 45  6 70]
[ 4 25 25 25  9  2 25 25 25 25  6 25 25 25  5  5 25  1 25 49  3 25 33 25
 15  7 73 30  5 10  8 25  2  4 35  1 50 25 10 77  0 25 25 55 10  9  1  9
 28 59 10  1 12 50  5]
[ 3 50 25 27  3  2 25 91 25  9  9 50 25 17 75  7 97 57 22 10  6 50 25  1
 25  4 25 45 42 50  5 32 35 28 31  8 49 50 25 20  1 31 25 63 36  0 50 25
 16 59 10 32 10  4 28]
[ 3 25 49 25 25  2 35 25  3 50  1 25 25  3 10 10 25 49  8 25  0 41 25  1
  9  4 25 20 80  2  9 50 25 75  1  5 25 22  6 64  6 35 30 35 35  8 25 73
 42  8  7 35 29 35  6]
[ 9 25 31 31 25  3 25 72 31 23  8 25  9 25  3 10 25 25  4 41  1 25 93  3
 28  0 33 25 68 68  7 50 50 13  4  2 53 35 49  5  6 30 48 25 25  4 50 48
 10  4  5 55 48 10 22]
[ 0 25 25 25  6  3 25 25 50 13  2 25 53 60  1  7 25 25 49 78  9 25 50 60
  2  5 25 50 50 45  1  8 46 43 25  4 25 95  9 74  6 40  9 20 50  8 50  7
 10 62 10 50 15  3 48]
[ 3 25 50 50  3  2 25 35 25 25  4 25 25 50 70  1 25 25 35  8  5 40  1 10
 40  8 75  2 45 47  6 53 47 32  9  7 50  8 69 97  9 31 78 25 25  0 50 25
 10 45 10 25 49 42 31]
[ 3 25 50 39  7  2 25 25 25 25  0 25 25 50 35 10 25 31 50  4  5 25 57 35
 25  6 35  5 14 30  4 25 25 72 31  8 25 45 50  6  1 40 46 20 24  9 40 37
 50  2  7 50 12  9 86]
[10 25 50 10  7  9 25 54 25 10  3 25 68 10 25  1 25 25 10 45  2  3 25 93
 10  7 25 48 14 50  0 25 25 35 25  4 63 50  4 49  5 32 25 60 25  6  4 50
 51  5  8 45 31  6  4]
[ 3 25 75 90 20  2 77 25 21 50  7 45 50 25  1  4 75 25 25  8  6 25 33 32
 49  9 39 25  3  9  1 25 25  2 25  8 81 25  9 50  5 50 50 10  8  0 62 50
 79 20 10 20 37 50  1]
[ 6 25 25 20 25  8 25  3 25 25  7  2 50 10 65  9 19 25 53 15  2 25 42 50
 25  1 25 25 35 25  5 25  6 35 41  0 50 25 10 50  3 40 25  8 50  4 50 30
 10 25 10 47  3 99 75]
[ 3 25 25  6 50  6 25  8 25 72  0 72 25  9 50  2 50 25 10  4  5 42 30 18
 50  7 25 38 25 25  9 25  2 17 25  8 48 26 12 36  4 50 19 22 25  1 46 25
 39 25 10  4 35  8 20]
[ 2 62 25  4 25  8 57 25 30  1  1 65 25 25 25  3  1 50 70  9  0 25 25  4
 30  4 25 25 58 45  5 50  3 15 24  6 13 27 42 25  7 20 25 48  5  9 25 26
 50 32 10 40 20 25 25]
[ 3 25 25 25 10  2 50 25  7 51  1 25 25 25 47  4 25 25 35 47  5 39 50 11
 25 10 25  7 25 21  0 50 25  6 45  6 50 31 25 59  7 40  3 25 59  8 25 27
 49  9  9 25 36  3  3]
[ 3 50 25  9 25  2 25 50 25 50  6 50 25 42 25  0 25 25 50 50  1 40 25 25
 25  4 50 30 12 25  5 27 35 33  1  7 50 50 69 50  8 50 10 32 25  9 50 25
 45 20 10 25 45 25 24]
[ 6 25 42 22 10  7 86  6  5 95  3 62 25 29 14  2 25 25 25  3  1 45 25  1
 35  0 25 25 25 31  4 25 11  5 25  5 10 15 45 62  8 50 32 34  5  9  9 37
 64 53 10 38  9 83 25]
[ 3 25 25  1 49  2 25 25 35  5  7 25 29 50  1  0 25 75 25 25  4 50 25  5
 70  1 15 25 45 35  5 46 25 49 25 10 72  4 25 25  6 23 50 39  3  8 50 50
 35 21  9 50 26 25 74]
[ 1 25 25 62 25  3 61 50 50  1  2  3 50 25 25  6 25 30 65 20  9 25 25  1
  3  8 25 41 95 25  4 50 25 23  6  5 32 31 25 23  0 45 37 15 33 10 50 77
  2 51  7 38 50 50 50]
[ 6 61  3  3 50  3 32 25 25 70  4 25 42 60 25  5 50 25 37  1  2 51 25 16
 23  9 75  2 19 48  1 25 25 46  5  7 29 50 16 25  8 25 22  4 29  0 25 25
 35 47 10 50 50 50 18]
[ 3 25 75 70  9  2 31 25 25 35  4 25  4 25 43  1 25 45  4 72  8 25  4 25
 25  7 28 41 35 95  0 50 25 25  7  5 29  4 37 33  6 25 37 35 50 10 25 42
 38  9  9  1 29 50 42]
[ 0 25 25  6 47  6 65 25 25 25  5 25 10 25 52  1 50 25 25 25  2 25 50 50
  1  7  4 17 25 10  3 40 25 50 45  8 32 39  2 32  4 50  8 10 25  9 25 51
 50 50 10 40  9  2 45]
[ 2 25 25 50  3  3 35 28 35 25  4 25  1 25  5  8 25 25 54  8  6 75 35 10
  1  1 25 25 35 25  0 50 25  4 90  7 30  8  9  6  5 42  5 45 64  9 74 24
 25 26 10  4 33 35 50]
