[14 71 39 13 60  8 54 25 14 70 13 25  8 29 27  5 25 36 60  8 12 45 58 75
 63  4 74 25 10 49 10 58  7 27 88 11 50 62 30 27  6 60 77 35 26 15 25 33
 10 56 16 42 50 38 39  9 33 58 51 26  1 75 25 68 17  7 15 10 35 54  3 39
 42 70 25  2 50 42 21 56  0 31 61 54 20]
[16 56 44 92  8 13 25 52 40 37  5 75 43 10  8  7 25 47 47 47 12 50 49  2
 10  3 42 60  5 39 15 25 37 66 52 11 25 56 60  5 14 30 25 50 64 10 25 51
 35 31  2 40 65 33 27  9 29 32 55 38  0 31 25 25 83  8 47 19 17 78  6 50
 67 10 34  4 45 32 28 41  1 65 26 78 19]
[ 0 25 25 25 48  7 30 29 68 21  2 25 25 31 40  8  8 50 77 13  9 50 42 25
 53  6 25 16 14 44 16 25 25 39 25 10 42 35 25 35  1 39 25 15 25  3 45 27
 36 36  5 25 28  6 37  4 46 25 10 55 11 32 15 11 50 12  8 25 30 41 13 25
 18 52 72 14 42 50 27 25 15 25 69 10 20]
[16 25 21  2 25 15 25 30 14 11  4 25 90 25 35 11 30 72 91  1  1 54 47 31
 25  8 25 14 14 25  0 25 43 25 57  7 25 44 70  3  3 47 30 50 25  6 50 27
 10 25  9 50 10 27 50  5 75 25  6 75 10 25 15 50 12 14 25 35  6 25  2 50
 25 32 34 12 50 25 45 25 13 39 52 21 20]
[11 25 40 50 25 10 25 10 25  5  7 25 31 25 36  8 25  8 25  7 15 50 50 35
  6  9 50 50 25 38 12 40 30 34 14 13  9 44 34  5 16 50 20 25 33  1 37 55
  8 75  6 45 35 15 10 14 23 20 27 13  0 54 25 55 30  5 50 14 10 19  2 39
 25 57 25  3 50 69 18 30  4 44 25 40 58]
[ 5 25 53 14 45 16 50 25 25  7  8 59 25 25 41  7 25  2 25 25  3 25 25 25
 79  9 49 30 18 25  6 70 34 25 20  2 50 27 10 50 15 25 25 50 64 14 25 25
  7 30 10 39 11 79  5 11 48 16 50 32  4 56 55 28 15 13 29 14 30 30 12 50
 48 45 16  1 50 50 10 15  0 25 33 60 50]
[10 25  7 25 68  8 25 50 40 45 12 41 25 19 31  1 25 25 45  7  6 74  0 10
 11 16 35 25 24  9 13 29 71 35 25  7 11 13 39 39 15 25 30 29 48 14 32 25
 52 16 11 15 39 61 10  5 50 25 25 32  0 25 25 35 45  9 30  4 20  8  4 50
 25  7 25  3 25 25 50 10  2 50 50 40 25]
[ 7 50 25 25 31  8 40 50 10 25  6 25 10 25  1  5 75 20 10 98 12 41 38  6
 59 10 25 25 50 10  1 50 25 45 10 16 25 48 35  9 11 50 14 50 24  3 25 50
 48 20  4 50 25 34 40  9 15 25 35 16 15 45 25  6 64 13 50  5 39 25  0 25
 59 25  4 14  4 37 40 77  2 20 56 30 44]
[14 25 75 50 25  8 25 25  2 25  5 25 25 15 50  3 44 30 25  9  4 23 53 16
 25 10 34 30 33 65  7 31 50 25 45 13 25 50 50 25  9 15 33 47 25  6 26 16
  7 25  0 25 50 36 20 12 33 50 27 48 11 32  7 25 65  2 52 50 41 20 15 25
 50 45 39 16 50 27 18 25  1 33 35 54 20]
[16 25 12 25 40  3 25 50  4 25 12 25 25 38 42  8 25 38 25 13 10 25 25 70
 25  1 50 34 35 61  7 25 50 35 20 11 50 85 25 49 13 44 11 40 11 14 28 40
  1 79  9 49 25 16 65 15 25 23 11 30  6 25 50  1  4  2 50 30 50 20  0 25
 40 51 22  4 10 50 45 20  5 50 29 25 21]
[ 1 33 25 45 41  8 25  7 25 25  7 35 25  7 11  0 28 98 22 86  6 50 21 17
 71  9 25 69 59 18  4 69 25  3 65 15 34 49 39 25  3 50 72 25 41 14 60 98
 24  1 13 37 50  1  9  2 43 25 50 19 12 62 14 23 25  5 50 50 30 25 16 38
  5 12 50 11 50 47 50 16 10 50 30  1 28]
[ 8 25 12  3 54  7 25 49 25 40  9 15 25 69 25  4 25 25 16 40  6 27 13 23
 14  1 50 25 53  5 10 43 25 25 50  5 25 34 70 25  0 50 51 12 28 11 33 39
 27 48  2 25 30 70 20  3 44 50 16  7 13 25 21 49 48 16 25 42 15 25 12 25
 44 25  4 14 39 20 21 30 15 45 38 15 50]
[ 8 25 50 59 45  7 34  6  5 50  9 55 50 29 25  1 25 25 25 47  6 45 27  9
 68 12 25 39 35 10 16 75 35 75 16 10 30  2 20 97 11 15 25 15 52  5 50 25
 10  6 14 25 50 20 30  0 25 25 35 30  4 25 25 16  8 15 50 32 55 19 13 16
 50  6 13  3 25 25 10  8  2 39 56 66 39]
[ 8 31 50 50 22 10 25 11 13 16 13 25 27 50 25  7 32 35 34  7  9 64 47 20
 31 11 41 36 44 34 12 50 52 50 18  2 25 25 40 31  6 59 50  4 31 14 40 34
 25 40  3 30 27 59 16  5 50 39 40 13  4 15 43 29 50  1 35 25  8 10 15 60
 11 16 11 16 30 57 50  5  0 46 25 24 20]
[16 30 16 20 39 14 25 11 25 45  8 25 11 25 25 12 25 25 21 50 11 50 25 10
 59 15 25 25 40 35  7 25 48 42 22 13 11 25 43 15  1 25 69  8 20  2  6 25
 50 50 10 25  8 25 37  9 50 25 10  7  5 50 43 10 72  3 50 63 25 38  4 74
 35 10 12  6 25 44 35 26  0 50 36 26 20]
[16 50 25 47 25  1 25 25 37 39  0 25 25 13 53  9 42 25 25 34  3 25 79  7
 16  2 27 35 50  6  8 35 11 10 25  7 50 13 20 21  4 10 25 25 45  5 39 58
 46 20  6 50 19 13 50 14 25 46 34 23 10 25 65 52 25 11 42 50 35 20 12 42
 15  9 10 15 69 45 16 44 13 26  7 31 61]
[ 7 25 48 25 10  2 25 25 25 39  8 21  2 25 88  9 25 11 25 82 10 25 50 25
 55 11 25 55 43 15  3 46 25 25 31  6 43 45 17 55 12 33 25 23 50 16 30 25
 38 45  5 45 25  8 70  4 50 25 34 40 13 34 45 26 65 14 25 48  5 36 15 50
 10 10 25  1 25 47 35 33  0 25 25 55 22]
[11 34 59 50 12  4 25 25 34 25  2 25 25 25 16  8 25 40 50 25  1 25 25 12
 37  7 25 17 41 23 16 25 48  9 36  3 31 46 14 38  5 61 50 24 54 13 50 20
 35  2  6 50 25 10 50 10 25 25 36 21 15 25 12  5 16 12 49 39 39 31 14 71
 25  7 50  9 50 11 30 35  0 25 50 35 57]
[ 0 47 50 13 25 10 34  6 16 11 13 72 27  6 65  1 50 25  1 50  8 25 50 30
 51 12 25 25 11 28 16 50 25 14 12  7 50 25 30 14 11  3 44 57  1  9 74 25
 10 94  6 38 50 35 20  2 30 25 35 16  5 50 30 70 18  4 68 38 16 20  3 70
 25 13 92 14 43 27 31  6 15 25  2 24 50]
[ 1 50 25 75 25  8 25 35  8 25  7 50 50 10 34  9 12 25 25  1  6 25 71 54
 20 16 25 27 50 47  5 25 24 25 10 10 50  9 10  5 15 50 25 10 44 14 25  2
  1  9 11  6 50 29 16  4 45 25 39 13 13 50 50 50 28  2 43 50 10 45  3 58
 25 22 45  0 50 50 54 49 12  2 46 25 26]
[10 25 30 25 50  6 25 97 23 58 13 25 27 25 16  5 46 55 10 20  8 64  1  7
 30 12 25 25 21  7  7 10 25 50 45  4 50 50 25 10  3 25 50  1 51  0 60 50
 25 20  9  3 40 28 32 11 48 29 12 47  2 26 25 50 25 14 33  3 51 60  1 50
 38  3 32 15 50 69 35 20 16 50 50 25 39]
[ 8 30  5 20  1  2 25 25 38 20  9 25 24 16 25 13 25  5 34 25 16 25 50 10
 25  7 50 21 30 29 12 71 30 25 44  0 30 34 12 52  6 25 25 60 41 15 25 69
 35 20 14 26 18 25 25  1 10 50 68  2  3 50 25 25 44  4 41 44 43 64  5 25
 41 35  2 11 25 25  2 70 10 39 93  2 10]
[ 1 25 25 61  8  0 25 30 35 25  8 75 25 25 25  7 25 12 25 76 15 25 38 25
 10  5 25 11 42 31  3 36 37 12  8 13 50 75  1  8 10 60 62 16 72 12 66 25
  8 25 16 41 67 25 22  6 10 42 50 53 14 10 11 32 33  2 50 33 21 52  4 18
 81 22 20  9 42 50 25  7 11 62 43  9 35]
[  7  50  64  15  31  16  25  40  25  16   9  46  50  34  45   8  30  43
  28  52  13  25  50  16  25  15  25  31  35  25   6  38   2  12   7  10
  34  56  32  20   2  36  45  49  25  11  31  25   8  60  12  30  30  13
  53   5  57  39  71  25  14   6  50   5  16   4  50  25  34  70   3  50
  25  35  50   1  50  44   4  10   0  30 100  13  34]
[ 9 25 10 25 52  8 25 25 30  7  7 31 29 16 25  1 50 52 25 22  6 56 50 10
 35  5 25 35 66 44 14 25 35 50 50 10 41 43 23 39 16 85 25 25 20  0 25 50
 40 28 15 39 37 75 25 11 75 25 31 25  4 50 52 16 34  2 40 25 21 34 12 75
 72 10 50 13 50 25 10 97  3 50 25 13  9]
[  8  25  25  50  54   3  25  25  50  25   7  25  25   8  59   9  40  59
  25  36   1  25  25   1  14  16 100  10  20  10   2  36  30  16  50  14
  25  60  25  50   6  27  11  25  50  10  25  25  38  70  15  25  50  48
  39   5  52  25  10  45  13  50  34  15  26   4  25  50  50  20  11  28
  24  32   3   0  52  39  10  25  12  20  39  45  25]
[ 7 25 25 65 25  4 25 82 25 18 13 25 11 25 14  8 50 50 10 15 14 33 16 13
 42  3 34 33 64 11  1 75 25 25 25  0 25 25 16 10 16 25 50  8 39  5 75 30
 20 20 12 82 44 21 50  6  6 48 34 47  9 50 15 34 16  2 10 40 30 30 10 61
 50 24 45 15 25 50 12 39 11 50 20 29 50]
[10 37 17 13 50  8 35 15  8  4 15 30 22 25 39  4 25 25 25 58  3 50 75 10
 53  1 25 60 60  8  7 25 44 37 25  9 74 10  6 26 11 20 25 41 70  5 50 25
 39 25  6 15 50 45 16 13 25 52 50 50 16 20 50 75 39 12 37 24 48 16  0 50
 35  7 35 14 40 29 27 50  2 50 50 20 39]
[ 8 25 39 11  2  7 68 41 22 54  1 75 25 61 25 11 25  5 25 25 10 46 50 25
 45  6 50 37 45  8  3 30 50 55 34 16 25 50 25 10  9 25 47 16 71 12 12 30
 50 15  5 33  2 17 79 13 50 50 10  2 14 41 27 14 16  4 50 34 34 72  2 55
 50  9 10 15 35 12 10  1  0 50 50 75 32]
[10 25 25 25 21  3 25 34 10 47  8 25 36 60 54  9 50 25 34 25  5 60 34  4
 65  7 50 34 10 41  6 29 50 56  1  4 48 50 36 20 11 41 27 36 50  2 25 25
 10 59 12 42 30 18 35 16 25 27  4 29 15 25 60 12 29 14 41 45 43 25 13 25
 55 15 15  1 50 75 10 20  0 56 34 29 45]
[ 9 50 25 25 25  8 25 30 60  5  7 25 75 13  1  3 25 55 40 10  0 25 25  9
 27 10 25 38 20 50 12 25 50 53 50  1 25 77 25 34  4 30 45 15 30  2 13 25
 50 30  6 78 34 11 58  5 35 28 25 55 11 10 38 50  7 13 43 25 24 79 14 32
 25 52 18 15 25 43 60 46 16 50 25 10 52]
[10 25 90  8  5  8 25 44 34 13 16 25 60 25 25  1 25 75  6 99 13 50 12 35
 11 15 25 69 35  1  9 50 25 34 48 14  9 36  9 48  7 35 14 15 25  0 31 25
 40 48  6 46 52 25 38  5 50 28 10 50  2 50 74 10 58  3 15 36 57 38  4 37
 27 26 15 12 34 46 37 71 11 50 61 19 45]
[16 25  4 25 65 10 47 25 25  7  3 25 61 25 10  0 66 25 16 20  7 40 25 20
 25  8 50 38 35 10  2 25 86 15 95 15 50 56 10 16  9 47 48 37 30 11 50 95
 30 39  1 30 54 45 32  6 44 51 16 35  4 15 45 24  3 14 50 33 34 16 12 57
  5 50 45 13 22 60 85 58  5 25 32 40 25]
[ 8 71 25  9 25  7 25 16 10  6  3 68 49 17 21  2 35 47 36  4  4 66 25 18
 60  1 49 50 11 38  0 28 71 56 24  6 59 43 14 50 13 25 50 45 28  5 47 50
 47 25  9 74 40 10 25 10 50 30 16 65 16 25 59 59 11 12 25 48 10  3 11 31
 30 21 74 14 35  5 39 60 15 25 50 35 32]
[16 50 25 48 25  8 25 75 25 40  7 43 25 71  2  9 13 30  8 45  1 25 25 64
 25  6 25 30 41 50 13 59 20 37 30 12 50 14 10 56  0 25 59 25 65  2 10 50
 66  6  5 50  5  8 50  3 41 50 44 20  4 50 43 34 60 10 38 37 25  3 11 14
 40 29  3 15 47  3  6 16 14 15 50 20 48]
[ 4 25 25 14 93  0 25 25 30 50  2 25 52 60 39 10 36 45 45  5 16 25 69 65
 10  8 38 46 21 49 14 29 28 55 25 12 25 25 48 50  1 25 25 38  1  7 50 50
 23 20 13 54 50 10 72 11 25 50 30 25  9 52 14 32 50  6 25 50 16 40  5 50
 30 30 20  3 50 69 10 22 15 25  5 35 84]
[ 1 75 65 10 25  0 50 25 50 55 12 25  4 25 45  4 25 25 25 65  8 25 75 64
  1  7 50 25 32 50  9 13 50 50 25  3 40 50  6 20 16 77 25 34 13 14 25 31
 50 50 10 47 25 48 14 15 53 33 50 25  2 50 25 45 25 11 60 49 21 21 13 12
 49  9 16  5 25 92 25 41  6 42 35 10 34]
[ 3 25 25  2 75  9 50 25 16 67  1 30 50 35 10  8 66 50 14 47  5 34 39  7
  7 10 50 38 19 57 12 25 16 16 71 11 48 25 12 50  7 41 64 15 25 13  6 44
 60 15  6 38 15 47 46 14 45 47  8 13 15 39 69 46 20 16 50 30 10 50  4 30
 25 35 45  2 50 29  8 80  0 25 64 25  5]
[ 3 50 25 50 25  8 47 37 30 25  7 30  2  8  1  9 42 40 10 24  6 59 60 58
 30 10 64 25 18 25  0 75 25 13 25 15 70  5 15 14 11 51 61 34 34  2 67 25
 18 55 16 12 13 23 18 14 25 17 17 80  1 71 48 25 54  5 25 48 25 55  4 15
 50 27 27 12 50 45 25 60 13 40 45 20 50]
[16 67 69 37 20  3 50 75 50 20  8 30 61 55 34  9 50 59 10 36  7 25  3 25
 10 10 25 59 46 25 11 36 98 31 36 13 25 50 33 64  1 25 41 35 25 12  8 58
 25 40 14 74 56 10 52 15 50 39 21 50  6 25 29 25 28  5 25 35 35 69  4 10
 43 55 32  2 50 81 18 25  0 25 50 12 11]
[ 9 25 20  7 50 13 75 25 25 25 14  1 30 25 78 12 41 25 30 35 11 56 27 20
 51 15 25 25 25 50  8 40 20 10 25  7 40 25 35 45 10 61 29 25 25 16 20 22
 36 25  1 32 25 48 45  6 41 25 25 47  0 25 30 42 16  5 25 43 51 31  4 32
 25 50 20  3 50 94  8 26  2 55 25 47 40]
[15 25 25 28 50 13 25 66 52 36  3 72 25  8 25 14 42 25 42 47  1 75 79 10
 95  8 38 25 25 50 12 50 29 23 11  7 58 25 15  5  4 34 50 50 45  9 28 69
 14 42  2 94 50  5  8  5 31 51  1  1 10 69  6 16 11 11 47 25 28 70 16 69
 50 26 25  6 65  9 25 18  0 70 43  3 38]
[15 38 25 68  1  1 36 81 14 25  5 25 53  8 14  7 25 25 25 64  8 35 35 25
 53 11 34 25 10  8  9 25 79 25 35 14 50 27 34 25 16 50 50 26 25  6 50 25
  1 16  3 75 25  1 10 10 50 16 19 10 13 50 43  9 25 12 26 44 59  9  4 47
 25 22 89  2 59 59 58  1  0 25 40 45 47]
[ 8 35 11 15 69 10 25 25 29 30  7 28 25 27  7  9 39  1 11 64  6 52 25 11
 65  4 58 25 26 50 16 25  6 25 83 11 50 45 30 68 12 45 75 57 58  3 64 25
 29  3  5 77 25 10 65 13 41 35 20 40  2 25 27 74  8  1 45 27 15 43 14 74
 38  6 10 15 50 56 10  9  0 25 71 52 25]
[16 25 25 43 13 10 42 25 44 25  7 27 38 27 50 15 25 13 30 27  8 19 72 25
 23  2 25 63 48 13 14 54 50 30  7  0 47 75 48 20  4 31 44 50 10 11 25 50
 60 16 13 25 80 37 25  1  9 35 21 40  3 38 31  6 21 12 57 50  1 35  5 25
 25  7 71  9 16 66 35 52  6 50 50 12  8]
[16 50 50 50 39  1 75 25 50 25  8 25 66 50 29 13 25 50 50  4  7 50 25 98
 13 10 71 25 59 25 11 66 50 19 45  2 41 50  3 47  9 74 50 10 30  6 25 86
 11 50 15 70 46  2 13  0 63 45 25 70 12 50 50 10 45  5 53 50 10 36  4 25
 40 52 30 14 74 69  9 11  3 27 50 33 18]
[ 8 25 20 25 13  7 25 25 34 25  2 25 28 30 13  5 41 25  9 78  1 85 41 35
 24  4 51 54  8 21  6 61 73 50 11  0 92 41 25 29 10 50 12 17 47 13 46  5
 39 25  9 50 30 25 26 11 32 25 14 64 14  7 30 53 54 12 67 39 10 25 15 52
 31  5 37  3 50 50 25 45 16 31 44 34 29]
[16 36 25 25 10  0 75 91  3 53 15 72 50 39 39 11 43 25 25 34 10 25 52  9
 24  7 54 25 35 25 12 66  5  1 20 14 25 30 25 10 13 13 41 38 87  9 32 55
 10 20  6 43 25 46 45  5 25 50 50 25  8 50 50 17 25  4 25 25  2 60  1 59
 50 26 20  3 35 35 24 35  2 50 25 10 38]
[ 8 25 36 50 35 15 34 25 25 10 14 25 26 50 79 11 50 25 25 10 16 68 26 35
 25  4 25 60 46 21 10 30 11 20 59 13 25 47 35 24  7 25 25 35 45  2 72 25
 82 25  9 60 51 24 20 12 50 25 10 25  6 25 94 33 25  3 50 50 10 31  5 50
 50 45 20  1 70 50 47 20  0 25 71 58 24]
[ 3 25 47 60  4  2 25 25 22  6  9 25 34 42  8 13 25 31 25 15 16 58 25 75
 26  8 34 16 11 50  6 59 25 45 25  1 25 25 33 57 10 25  8 25 28 14  5 46
 75 24  0 38 25 22 29  7 50 75 10 20 15 25 17 10  4 12 50 50 25  2 11  7
 39  1 71  4 59 35 25 39  5 50 46 44 65]
[16 40 40 37  5 10 71 38 14 47  8 25  7 25 50  2 50 64 10 31  9 50 27 10
 58 15 32 29 39 60  5 50 48 12 58  7 25 16 25 25  6 33 20 16 58 14 25 27
 25 27  1 50 36 45 25  3 50 60 20 30 11 50  4 13 45 13 25 50 35 23  0 49
 25 35 32  4 35 25 49 47 12 50 20 45 30]
[ 8 50 36 25  6  2 38 25 25 61  6 25 27 30 50  1 50 27 10 45 10 34 65 41
 12  4 25 58 40 13  7 55 41 25 54 16 50 30 65  1  5 27 10 19 56  3 28 25
 38 16  9 10 75 74 10 11 75 13 15 37  0 65 25 20 29 12 15 32 25 36 13  5
 55 51 20 14 21 40 36 50 15 38 48 66 10]
[12 25 25 11 25 14 63 47 21 16  8 25 71 79 21  2 25 70 47  9 11 25 77 25
 22  4 48 75 36 20  7 25 34 67 36 13 39 47 59 42  9 22 25 25 46 15 25 25
 21 50 10 82 25 13 48  6 50 25 10  8  5 25 68 57 47  3 94 25 20 13 16 50
 41 59 25  1 36 25 27 45  0 25 25 25 71]
[ 8 48 50 37 25  7 25 16 25 75  9 50 25 29 10  3 25 25 43 61  6 25 45 25
 40  1 29 31 56 30 10 25  4 25  9 16 54 25 47 64  5 50 25 13  5  2 50 25
 10 69 11 11 50 11 45 15 68 25 12  1  4 43 25 41 43 14 30 30 54 35 12 69
 10 14 42 13 48 45 13 58  0 48 43 16 27]
[ 8 30 36  2 25  0 40 75 25 20 14 43 25 39 10 13 25 16 39 36  7 50 25 15
 25 16 25 50 50  5 11 48 54 10 39 12 50  6 10 69 15 25 25 58  7  9 32 50
 13 20  4 59 25  1 15  1 34 25 11 27  3 60 25 34 29  2 14 25 28 33 10 25
 10 25 55  6 25 50 25 45  5 50 50  1 50]
[13 25 25 24 11  6 25  4 18 50  7 35 26 34  4  8 33 30 50 25  5 25 25 20
 27 12 56 46 10 25  9 48 25 15 10 11 25  9 70 25 10 31 25 29 40  4 25 50
 59 13 14 11 59 12 34 15 36 52 45 37 16 46 27 28 50  3 50 47  6 28  2 35
 25  1 31  1 43 50 27  6  0 25 50 16 10]
[13 25 25 25 10 16 25 25 50 30  8 25  7 25 63 11 25 25 25 12  5 43 25 25
 20 15 25  1 25 75  1 25 25 10 45 12 72 35 15 13  7 25 32 25 50 14 44 25
 24  6 10 50 19 10 50  9 15 25 56 10  3 50 25 69 25  6 25 45 25 25  4 15
 50 25  5  2 15 25 70 27  0 25 35 35 35]
[ 0 25 25 13 33  8 25 27  7 50  7 50 25 10 47  9  9 25 40 15  6 25  4 10
 38  2 55 25 50 25  5 25 47 79 24 16 25  2 25 25 10 50 26 40  3 11 50 29
 10 12  4 61 47  7 10 12 56 36 25 39 13 46 25 25 20  3 24 50 72 20  1 50
 25 36  8 14 50 12 34  1 15 47 14 13 75]
[ 8 63 34  7 23 11 48 25  6 55  7 25 16 25 25  6 25 50 74 20  0 25 25 59
 27  9 35  2 15 75  1 49 25 13 25  5 25  7 25 80  3 50 25  8 49 15 52 25
  2 50 16 47 35 25 12 13 25 25 25 39 10 48 50 35 10  2 50 28 16 38 14 15
 10 13 71 12 50 29  1  5  4 50 25 15 25]
[ 8 46 25 10 60  7 25 25 25 25 16 25 13 25 25 14 25  5 12 50 10 25 39 35
 16 15 52 43 10 35  2 25 50 60 20  9 38  6 12 25 13 25  9  7  4  0 38 25
 46 50 12 45 50 50 58 11 52 32 25 46  6 25 30 35 42  5 50 35 10  9  4 50
 45  2 39  3 50 25  8 45  1 50 25 40 25]
[ 7 25 36 25 25  1 25 25 75 25 10 25  3 20 25 13 25 25 50 42 16 25  3 25
 25 11 71 16 24 10  0 50 25 10 43 15 25 25 11  3 12 50 26 10 45  9 25 50
 48 16  8 25 25 21  7  6 50 15 35 21  3 75 25 44 15  5 45 25 24 50 14 48
 35 36 25  4 50 40  1 50  2 50 50 41  5]
[ 8 25 12 25  5 16 59 25 50 25  7 45 50 15 45  9 25 24 13 50  6 50 25 25
  4 10 25 34 25 39  4 38 25 36 79  1 56 25 63 25 15 35 45 59 25 14 25 29
 36 35 13 25  9 35 57 11 16 50 52 20 12 33 50 27 20  5 25  3  6 47  3 50
 42 23 27  2 50 50  1  7  0 31 25 60 14]
[11 60 48 25 15  7 25 27 81  8 16 40 23 45 30  8 25 35 37 25 10 25 13 25
 70 15 25 38  1 25 14 25 38  2 25  9 27 35 14  3  6 25 45 20 50 12 50  8
 10 32  4 25 25  5 47 13 20 40 25 25  5 50 25 40  6  3 25 25 34  4  2 71
 29 24  9  1 25 25 65 45  0 50 25 10 25]
[ 3 66 25 25 25 15 50 25 12 64  8 25 54  4  1  7 25 25 25 29 16 27 50 79
 39  2 25 25 27 25 13 25 25 50 51  9 55 75 29 20  6 50 25  7 61 14 40  7
 14 25  4 15 59 10 40 12 25 12  6 50  5 25 37 25 25 11 25 34 23 27 10 25
 17 35 53  1 41 25 19 10  0 46 25 30 57]
[ 8 25 25 30 13  2 25 25 10 12  7 25 39 25 50 10 25 25 70 25  0 25 38 37
 25  9  4 40 17  8 16 40 69 21  5  6 25 25 31  7  5 42 20 16 43 11 50 50
 16 50 14 25 29  1 25  4 25 39 12 50 12 31 44 30 83 13 50  3  6  2 15 25
  5 60  2  3 50 25  6 12  1 27 50 41 20]
[10 25 40 11 50  9 39  7 11 30  5 50 25 14 31  7 31 48 11 25  8 11 25 25
 38  1 25 25 27 22 11 41 65 44 12 16 25 25  9 25 15 25 50 57 30 14 25 42
 30 25 13 25 20 60 16  3 50 35 15 59  4 50 25 34 50 12 50 18 10 50  6 29
 34 37  2  2  1 47 25 32  0 25 50 46  8]
[16 25 16 25 31  8 25 50 34 43  7 25 25 25 13  1 32 59 28 10 14 25 25 10
 40 13 25 48 35 34 15 25 11 25 10  9 24 41 25 25 11 50 25 25  6  2 25 25
 30 45  5 25 55 25 46 10 50 18 35 35 12 50  6  3  3  6 50 24 10 46  4 70
 25 14  7  3 50 52 50 34  0 25 38 13 10]
