-990.0
-750.0
-970.0
-980.0
-970.0
-970.0
-990.0
-1000.0
-980.0
-770.0
-480.0
-990.0
-579.9
-279.7
-990.0
-1000.0
-980.0
-1000.0
-970.0
-980.0
-980.0
-990.0
-990.0
-980.0
-720.0
-469.9
-179.9
0.2
0.2
0.3
0.4
0.7
0.7
0.8
0.9
0.9
1.0
1.0
1.0
1.3
1.4
1.5
1.5
1.5
1.7
1.8
2.1
2.1
2.1
2.1
2.3
2.3
2.5
2.5
2.5
2.5
2.5
2.6
2.8
2.8
3.0
3.1
3.1
3.2
3.2
3.2
3.5
3.5
3.5
3.7
3.7
3.8
3.9
3.9
3.9
3.9
3.9
4.0
4.0
4.1
4.2
4.2
4.5
4.5
4.6
4.6
4.6
4.6
4.8
4.9
5.0
5.1
5.2
5.2
5.3
5.3
5.3
5.5
5.5
5.6
5.6
5.6
5.6
5.7
5.7
5.7
5.7
