[ 5 75 39 10 32  1 25 60  4 34 14 61 43 23 50  3 25 54 39 41 10 66 51  1
  5  4 29 57 25  9 11 32 26 50 49  6 50 50 35 21  7 50 25 10 50 12 50 64
 35  2 13 50 25 35 57  8 36 50 49 20  0 50 25 34 35  9 50 21 34 50  2 14
 31 90 23]
[ 9 25 34 59 39  8 45 25 15 66 10 25 14  9 99  3 25 25 41 32  4 50 25 10
 50  2 47 25 13 70 11 55 25 60 25  1 25 50 57 10  7 25 24 22 35  5 34 50
 50 64 12 50 50 35 10  6 50 25 10 45  0 25 58 13 15 13 50 50 35 74 14 50
 28 34 50]
[10 74 65 10 50  5 75 43 10  4 14 64  4 20 61  1 51 25 10 24  0 83 49 37
 39 13 42 25 54 74  4 25 47 50 47  6 65 43  1 50  8 40 50 45 20  9 50 49
 14 10 11 49 58 23  6  7 31 58 25 13 12 37 26 40 29  3 48 67 11 28  2 50
 36 36 16]
[ 9 64 25  6 57  5 25  5 25 30 10 50 10 35 25  7 29  3 21 61  1 49 25 33
 23  8 50 75 25 20 11 38 96 53 38  2 71 50 14  1  6 50 18 14 90  4 25 55
 39 50  3 50 49 10 71 12 50 29 32 22  0 50 25 14 38 13 47 50 38 50 14 54
 15 10 56]
[ 7 25 25 25 60  5 38 50 46 45  6 49 75 11  1  4 29 59 42 36 10 75 50 10
 45  9 25 50  1 60  2 48 26 54 24  3 25 50 11 50 11 50 40 35 62  8 36 25
 28 11 12 50 37 35  7 13 50 83 69 39 14 26 63 10 20  1 36 37 25 33  0 50
 25 21  5]
[ 9 35 32  1 50 10 60 21  4 46  8 25 57  3 40  1 25 25 50 10  4 25 50 27
  9 11 75 41  1 25  6 29 61 50  3  3 25 25 25 68  5 50 25 59 36 12 41 57
 20 77  2 50 47 10 31 14 25 49 59  9  7 44 44 16 25  0 74 50 43 20 13 28
 25 42 10]
[ 5 50 44 35 51  9 25 50 25 42  7 25 12 25  9 14 39 47 31 50 10 57 50 25
 69 12 25 70 69 50 11 47 50 73 20  8 50 25 14 25 13 50 35 10 35  0 25 55
 29 34  6 50 54 50 41  4 58 50 26 80  1 50 60 10 39  3 25 25 50 29  2 50
 25 10 44]
[ 9 25 13 25 80  5 25 39 25 70  4 50 60 34 18 10 75 25 21 11 11 15 25 25
 65 12 25 36 60 17  8 50 67 10 16  1 25 25 12 75 14 59 25 25 48  7 31  3
 19 57 13 84 48 10 77  3 25 25 57 32  6 37 50 10 20  2 50 25 10 23  0 25
 25 34 41]
[12 75 81  3 21 10 41 25 50 25  9 25 45 59 35 11 16 61  1 22  3 25 25 20
 18  4 12 37 54 14  8 50 75  5 20  6 74 74 46 25  5 25 17 25 41  7 85 33
 10 42 13 50 50 25 50 14 58 35 26 22  2 34 25 26 79  1 59 97 10 89  0 50
 29 54 68]
[ 5 25 43 60 52 10 25 72 90 25 12 50 25 59 25  9 74 10 10 45  8 60 50 49
  3 11 25 50 64 22  7 25 39 69 31  4 31 25 53  9  6 50 25 10 70  2 39 25
  9 50  1 59 39 15 31  3 50 25 16 59  0 61 25 33  9 13 19 74 96 21 14 50
 14 34 60]
[ 4 73 25 11 91  9 25 38 48 11  3 50 25  6 50  1 45 25 75 13  8 25 50 56
 29  6 32 18 50 38  0 57 25  6  3  2 55 75 25 20  7 50 50 10 44  5 57 25
 10 64 10 61 50 24 50 11 60 13  1 80 12 74 45 10 79 13 49 58 10  8 14 24
 41 60 32]
[10 75  3  4 36  6 44 47 41  9  1 25 25 71 25 12 25 11  1 48  7 50 25 41
 25  9 44 38 40 33  8 57 25 22 35 11  1 48 59 79  5 25 31 50 58 13 75 26
 10 10  4 25 25 14  3  3 28 50  1 20  2 25 50 38 10  0 31 44 25 32 14 12
 20 28 54]
[ 0 50 59 35 17 12 25 10 25 25  7 50 25 92 25 11 74 35 46 50 13 50 25  9
 85  1 50 25 59 25  6 50  8 35 34  2 52 50  2 20  3 31 50  1 20  9 25 75
 26 20 10 82 57 27 18  4 55 45 29 25  5 50 31  3 74  8 15 50 96  7 14 24
 93 60 41]
[10 25  6 25  2  0 48 40 37 55  8 25 77 25  7  1 50 75 81  5 13 75 21 10
  9  9 50 32 21 54 14 10 48 51 61  2 15 55 23 20  7 25 35 20 35  6 50 74
 44 21 12 25 50 55 22  5 50 53 45 21  4 56 25  5 52  3 20 25 71 50 11 50
 50  2 84]
[10 57 25 25 60  2 52 25 63 25  3 50 61 35 34  9 25 50 31 25 11 47 75 50
 50  7 26 83 20 37  6 88  5 32 20 13 50 25 10 10 12 74 28 11 16 14  5 73
 79  3  8  3  8 15  7  5 91 25 64 48  4 50 25 34 25  1 63 25 20 28  0 46
 50 44 47]
[ 5 59 25 31  1  2 25 25 89 25  1 43 42 17 28 10 25 79  7 25  9 52 75 32
 10  0 68 25 10 45 14 25 10 14 36 13 58 46  8 30 12 26 25 69  8  7 44 17
 41 24  6 34 70 27 25 11 20  1 83 24  8 50 25  6 45  4 74 29 10 91  3 50
 50 59 20]
[ 6 74 98 11 50  0 25 25 92 25  4 25 52 59  7  5 39 11 46 28 10 41 41  6
 90  3 25 50 35 30  9 74 25 10 85 14 50 38 24 57 11 25 50 49  7  7 33 45
 52 25  8 57 35 25 25  2 25 54 35 36 12 50 25 10 41 13 31 85 53 20  1 50
 50 10 78]
[10 75 30 82 20  7 25 25 24  8 13 28 50 57 10  2 36 25 25 45  9 25 31  9
 50 12 25 73  9 61 11 20 25 20 75  8 30  9 20 51  5 68 33 17  8  6  0 45
 25 10  1 25 58 35 20 14 50 11 18 55  4 28 25 56 51  0 50 30 56 28  3 50
 47 13  9]
[ 0 50 33 35 45 10 75 74 96 32  3 25 92 25 50  9 74 10 10 97 11 25 37 10
 43  7 36 31 16 45  2 58 25 74 25  4 36 50 38 65  5 25  4 25 47  1 86 56
  3 20  6 15 33 56 49  8 58 58  2 37 12 26 54 59 20 13 50 50 35  7 14 64
 25 10 64]
[ 9 74 50 10 57 10 75 85 43  8  8 44 75 65  7  3 74 25  3 25  5 58 25 59
 25  4 67 25 17 61  2 67 77 46 27 12 37 53 22 32  6  9 58 25 54  7 27 50
  8 75  1 55 25 48 10  0 46 83 12 13 11 34 65 25 20 13 55 49 12 44 14 32
 82 52 49]
[14 36 57  9 50  1 75 25 43 25 13 53 25 66 25 10 25 69  5 25  6 35 60 50
 35 12 50 72 39 46  5 50 90 20 10  9 39  9 11 58 11 35 68 50 26  3 25 50
 49 10  8 25 63 28 50  4 66 43 18  7  7 50 50 10 67  2  9 25 31 54  0 25
 25 54 80]
[10 40 25 26 47  8 25 45 50 11  0 25 25 50 36  9 40  4  7  3 13 50 25 10
 39  2 25 25 98 24 12 25 53 60 81  7 41 13 22  8  1 66 49 10 75  3 55 49
 20 13 14 25 39 54 91  4 47 49 25 80  5 35 16 66  3 11 50 50 10 58  6 33
 75 33 20]
[ 5 61 10 24 20  6 21 47 64 10  4 33 54 14 72 10 25  3 31 29  0 50 25 98
 25  3 58 25 50 29  9 47 55 25 40  7 50 75 53 20 11 20 32 14 84  8 15 25
 34 25  2 56 50  4 20 12 25 12  1 98  1 50 50 41 20 13  1 90 66 44 14 23
 50 16 38]
[ 4 25 75 25 61 13 25 82 50 35  0 25 57 43 38  1 33 50 37 45 14 16 58 68
 24 12 25 30 60 52  6 75 35 10 40  5 61 61 34  1  2 59 50 10 45 11 50 83
 45 34  3 34 34 31 41  7 50 50 25 10  8 40 30 20 44  9 50 83 34 20 10 74
 54 21 29]
[ 5 25  3 25 68 10 41 64 44  8 14 25 58 59 64  4 25 25 38 13  9 62 10 22
 44  1 25 50 60 32  3 26 66 50 29 12 25 50 60 25 11 50 25 99 25  2 50 25
 45 41  8 87 83  7 20  0 50 47 10 15  6 15 64  9 45  7 24 37 37 33 13 50
 50 10  8]
[  0  32  25  76  25   5  25   5  58  54   8  41  38  44  52   9  50  57
  34  38   1  75  25 100  22   7  66   7  19  31   2  56  47  10  50   6
  50  25  36  63   4  65  47  19  39   3  61  47  39   6  12  25  50  60
  64  11  25  76  35  58  10  25  36   8  94  13  50  45   1   9  14  16
  45  34  41]
[ 1 31 25  7 59 10 47 42 38 25  9 46 60 38 35 11 72 88 25 25  8 71 25 32
 35 12 55 25 61 25  6 50 57 35 56  5 25 39 10 80  3 36 25 52 25  7 50 50
 43 20  2  6 25 25 75  0 25 25 36 10  4 74 85 10 10 13 54 50 31 50 14 50
 91 34 10]
[ 5 73 40 10 77  3 26 29 50 10  1 75 25 21 25 10 25 36 25 29  4 13 39 53
 48 13 25 62 60 37  9 25 42 12 54  0 57 25 53 50  2 73 43 10 50  6 75 99
 10 25  8 50 42 10 10  7 35 50 50  5 11 48 25 55 25 12 50 50 10 51 14 54
 55 10 50]
[ 10  25  83  85  29   4  54  25  22  10   5  75  70  68  25   8  26  44
  20  13   6  39  50  46  20   9  25  20   3  69   7  51  50  10  20  11
  60  50  25  33  14  44  74  40  60  12  50  50  25  54  13  40  12  20
  22   3  25  25  64  40   2  33  48  26  47   1  58  25  37  23   0  25
  64  48 100]
[ 3 75 25 14 25 14 74 25 10 48  9 25 56 49 65  8 50 12 35 44  7 46 25 39
 32 10 25 10  3 58 11 39 71 25 58  2 25 43 41 27  4 50 58  5 43  6 71 76
 14 86 12 50 80 82 54  5 64 50  3 50  1 50 97 31 24 13 19 21 41 10  0 73
 78  6 80]
[ 6 50 25 36 25 10 67 59 18 23  9 36 76 14 90  8 25 12 25 78  7 10 50 50
 33  5 61 65 19 39 11 50 68 35 10 13 25 82 46 52 12 50 38 10 65  4 48 34
 25 65 14 50  9 34 82  3 73 80 10 41  2 25 35 62  6  1 26 67 24 28  0 51
 25 44 42]
[ 3 36 25 10 74  1 25 61 60  7 14 54 52 30 82  4 11 63 73 32 13 79 40 10
 71 10 70 15  1 25  8 75 50  5 35  9 74 50 10 46 11  6 46 78 25 12 75 75
 39 49  7 57 70 53 25  0 25 43 35 37  6 36 31 35 50  5 48 35 23 25  2 50
 51 21 10]
[ 5 25 27 57 68  4 25 54 59 32  1 69 79 16 50  8 32 64 53 25  7 50 61 10
 34  2 36 25  7  6  6 47 12 20 57  3 50 74 10 35  0 72 52 10 20  9 50 41
 34 54 10 25 50 60 25 12 25 53 60 14 11 50 28  8 34 13 50 44 35 84 14 74
 50 10  3]
[ 8 25  1 25 60  7 25 31 35 47 10 25 99 56 35  3 64 82 21 73 14 50 61 34
 73 12 54 33 25 93  4 25 56  6 26 11  8 53 81  8  2 49 26 74 20  5 25 59
 31 39  9 50 22 31 39  6 50 78 39 20  1 36 25 48 33  0 61 25 10  1 13 44
 29 20 25]
[ 1 75 59  4 48 13 25 59 25 25  9 50 25 34 70 10 25 37 60 37  5 25 62 48
 20  4 49 50 35 20 12 25 36 23 28  3 74 31 10 85  2 44 64 65 25  6 61 14
 14 50  0 25 59 71 25  7 75 54 10 50  8 50 53 24 29 14 33 37 17 19 11 50
 82 45 25]
[ 2 52 75 50 10  7 25 14 27 81  1 50 36 53 22 14 61 50 23 20 12 64 16 21
 81  6 25 77 10 94 11 59 98 75 20 13 50 37 46 53  0 25 25 60 68  3 33 55
 43  7 10 50 38 10 79  9 36 25  7 49  8 50 62 21 20  5 25 50 70 27  4 74
 77  3 25]
[ 4 32 83  1 68  3 25 62 59 21  2 50 60 10 17  7 25 49 60 22  5 25 36 58
 59 12 37 89 64 36  6 48 25 19 24  0 75 44  5 37  1 45 50 25 10 13 57 69
 28 18  8 57 75 10 39 10 75 57 10 77  9 33 57 51 38 11 53 83 19 51 14 69
 50 15 84]
[11 58 33 27 50  2 57 25 57 25 12 50 77 82 57  1 60 25 29 57  3 75 50 10
 61 14 31 46 53 20 10 26 58 67 13  9 74 24 10 67  0 25 82 25 66  4 50 54
 24 48  5 50 18 45 32  7 71 24 25 26  6 27 50 83 28  8 40 50 35 11 13 56
 41  8 36]
[ 2 75 25 10 65 14 25 69 41 65 10 25 24 25 46  4 64 89 20 53  9 50  6 34
  9 13 29 47 29  1  3 50 32 29  7  8 64 78 35 36 12 41 71 54 39  7 83 45
 51 33  1 25 63 85 25  0 50 50 10 43 11 83 25 25 22  6 78 43 32 27  5 50
 48 26 43]
[ 5 52 25 31 70  0 75 50 10 20  6 48 25 24 70  4 25 26 10 38 10 75 84 80
  7 14 58 59 26 70  2 25 28 70 22 13 30 33 89 26  9 25 58 25 20  1 53 50
 40 20 11 60 50 25 26  3 50 50 10 27 12 50 25  2 50  8 50 32 12 26  7 37
 25 48 20]
[10 75 39 10 31  5 25 18 25 83  9 25 25 30 50 14 30 30  1 98 11 50 25 80
 15  3 25 90 22 25  1 69 73 25 22  0 65 55 12 74  4 74 25  3 49  8 47 50
 13 10 12 35 40 50 56  2 59 70 36 20  6 42 50 43 10  7 50 50 10  6 13 55
 40 10 25]
[ 1 36 51 29 25  4 25 47 59 32  3 46 48 14 47 12 61 20 24 83  9 29 51 55
 36  7 51 48 10 52  2 56 51 25 42  5 75 31 10 61  8 50 50 11 36  6 50 31
 36 10 14 25 53 59 20 10 35 46 14 85  0 25 41 46 95 11 14 46 23 74 13 50
 41 10 50]
[ 9 52 27 32 50  7 29 81 21 56 11 28  3 22 41 10 54 44 45 40  6 50 69 10
 20  8 24 43  3 20 13 75 21 12 29  4 50 25 34 47  3 57 25 28 86  2 39 72
  6 54 12 50 25 60 25  5 50 25 57 23  1 90 68  7 20 14 74 64 10 62  0 63
 50 62 20]
[13 75 31 10 30  7 25 36 60 59 10 75 98 99  2  4 68 61 16 10 12 49 64 71
 34  0 40 94 10  7 14 50 25 34 96  6 47 75 13 20  5 50 22 35 53  1 50 25
 27 56  3 27 25 73 56  8 50 55 35 21  2 42 25 16 27  9 74 26 10 44 11 69
 50 15 48]
[ 3 33 51 52 18  5 25 27 98 23 13 75 56 10 35  1 25 44 60 28  0 50 52 10
 20  7 75 24  3 57  2 58 25 90 25  4 74 50 10 23 11 47 32 38 44  6 95 44
 15 43  8 43 25  5 73  9 13 39 71 53 10 50 85 85 49 14 74 47 10 87 12 50
 45 28 40]
[ 0 45 75 15 20  9 25 77 25 47  4 39 55 17 26 10 38 96 98 38 11  0 10 15
 65  1 75 35 10 90 12 47 35 38 20  8 25 60 35  1  7 50 25 59 32  2 50 50
 35 20 13 50 25 10 85  6 25  8 39 68 14 50 14  8 91  3 50 50  5 20  5 50
 83 47 55]
[ 6 25 84 25 74 11 50 24 33 34  5 35 36 14  9  7 48 27 11 47  1 75 25 71
 25  2 56 50 25 22  9 25  5 25 14  4 50 25 34 86  0 56 25 54 85  3 46 50
 12 45  8 73 24 12 96 10 25 94 35  8 12 75 18 33 32 13 13 58 54 76 14 57
 71 27 60]
[ 9 25 44 59 51 13 55 50 30 75 14 74 60 10  3  1 75 76 10 16  8 25 44 35
 32 10 47 69 12 41  3 25 69 48 17  2 21 71 19 24 11 26 65 59 54 12 80 31
 10 24  0 55 25 40 46  4 38 69 46 20  6 25 90 90  8  7 43 47 17 43  5 84
 70 29 20]
[13 36 75 83 16  5 75 25 91 25  7 25 54 16 25  6 27 74 33  3  1 25 52 15
 50  3 75 54 10 52  8 42 50 32 46  9 67 64 17 56 10 25 36 54 33 11 44 32
 16 32  4 50 57 34 52 12 55 57 16 60  2 67 50 43 20  0 50 50 10 73 14 39
 55 12 20]
[13 75 14 10 25 10 71 74 75 41  5 46 58 39  3  3 33 52 52 12  9 50 75 34
 20  2 25 40 43 36  4 50 64  1 47 14 74 50 10 54 12 54 54 90 20 11 24 25
  4 96  6 50 42 23 49  1 25 43 35 44  7 38 31 47 68  8 65 72 10 27  0 25
 27 11 30]
[ 8 57 75 26 20  7 54 25 99 20  9 32 45 32 30 14 74 90 10 40 13 35 77 51
 57 12 73 18 19 59 10 59 25 84 25  6 53 50 55 20  5 78 34 10 31 11 79 63
 19 71  4 46 50  2 20  3 25 50 40 20  2 50 25 61 25  1 85 50  1 45  0 25
 33 77 30]
[10 75 74 37 60  5 25 82 60 37  3 55 75 64 14 12 39 38 46 36 11 52 25 22
 45  1 29 55 48 40  4 33 55 51 20 13 50 25 10 82 14 74 64  6 22  9 25 44
 26 21  2 42 71 48 24  8 37 50 23 17  7 26 50 33 20  6 32 62 20 14  0 54
 73 10 54]
[ 8 64 26 36 24 12 75 33  8 82 14 25 67 58 65  7 69 58 51 20  3 25 25 22
  3  9 74 57 10 55  6 63 57 35 33 11 39 61 59 73 13 48 63 12 71 10 25 18
 25 43  5 50 85 48 21  4 25 34 57 32  0 46 54 33 54  2 25 25  4 77  1 45
 26 15 97]
[10 50 25 12 21  5 25 85 25 50 12 25 75 25 54  8 25 25 10 20 11 25 79 35
 55 14 74 25 10 13  4 74 83 10  6  9 38 98 33 58  6 14 40 62  9  7 36 49
 38  1 13 44  3 69 22  3 25 25 87 29  2 50 74 10 20  0 41 65  6 65  1 12
 40 27 45]
[10 25 37  6 51  9 25 42 25 91  7 25 50 25 10 12 25 53 43  3  5 25 50 10
 32 11 35 76 25  9  4 64 36 20 68  8 25 60 35 35 13 50 85 10 49  1 25 25
 37 60  3 25 42 47 45  6 50 40 10 25  2 27 69 14 26  0 50 50 10 14 14 50
  2 14  3]
[13 35 43 25 25  2 35 25 60 25  1 34 25 36 59  5 25 61 60 32 10 25 48 60
 35  0 50 50 19 56  3 10 50  1 59 14 57 53 11 13  4 74 25 10 25  9 25 76
 50 14  8 25 79 10 46  6 50 39 10 56 12 25  8 20  4 11 53 50 42  3  7 46
 56 39 23]
[14 74 27 10 50  0 50 35  1 10  8 25 99 22  1  5 26 10 59 11  4 60 91 24
 26  6 50 75  1 20  1 75 25 10 74  7 61 27 57 50  9 50 59 10 14 10 25 33
 27  4 11 10 37 25 55  2 55 49  3 26  3 23 25 33 43 12 50 19 11 26 13 83
 37 24 53]
[10 25 50 25 40 12 25 24 25 25  5 38 37 25  5  7 50 75 47  9  9 39 27 45
 68  1 59 75 25 20  6 25 42 34 33 13 50 50 35 29 11 42 30 18 31  8 21 42
 48  1  4 25 25 59 25 14 50 50  1 50  3 26 32 21 50  2 51 66 10 21  0 59
 58  5 24]
[10 36 25 74 13  9 26 36 25 34 12 25 38 25 50  5 25 23 25  6  6 25 42 35
  5 14 25 25 10  8 11 28 38 25 49  4 60 25 24 27  3 51 37 11 44  8 50 50
 11  9  2 64 77  6 95  7 14 47 20 23  1 73 25 48 52 13 50 14 10 33  0 59
 50  5  1]
[  3  38  46  36  25   1  25 100  25  13   8  37  26  54  24  13  25  84
  65  22   5  50  25  24  25   7  50  50  24  25   0  32  25  48  13  10
  25  25  14  27  11  75  99  20  24   2   6  38  54  46   4  39  51   6
  20   9  12  50  29   1   6  50  39  10  60  12  25  18  25  76  14  74
  12  10  29]
[13 26  4 24  2 10 25  4  3 50  6 25  5 25 25  5 49 60 13  9  4 25 25  7
  1  3 48 50  5 44  7 51 68 25 27  9 65 60  8 50  8 50 68 50  1  0 50 76
 63 29 11 63 58  3 48 12 45 50 75 10 14 50 25 15 37  2 27 36 53 25  1 50
 28 12 47]
[ 5 55 25 39  7 10 26 50 15 29  8 50 25 10 66  4 74 87 10 39  3 25 25 54
 38  9 25 59 40  9 11 25 46 13 50  0 50 25 79  7  6  9 44 76 47 12 10 75
 54 25  2 33 32 27 25  7 50 68 35 25  1 40 32 28  1 13 50 50 27 84 14 57
 23 17 46]
[ 5 75 25 64 25 13 48 25 20 50  4 60 25 24 50 12 25 74 50 36 10 25 12  1
 10  7 25 50 14 61  2 38 25 50 25 11 47 25 13  3  9 25 50 25 20  8  6 50
 45 20  0 25 25  1 25  1 29 25 43  8  6  3 82 57 39 14 55  4 29 75  3 25
 50 70 20]
[ 10  25  52  60  50   8  25   3  25  83   1  75  25   3  32   0  60  25
  10  33   3  50  25  25  25   5  25  50  31  47   9  50  25  29  50   4
  31  50   3 100  12  25   9  25   7  11  50  25  20  75   6  21  76   9
   2   7  50  25  10   1  14  36  50  13  65  13  26  41  25  25   2  43
  25  42  23]
[ 5 44 40 41 47  8 45 25 25 65 14 25 90 59  8  4 74 25 10 50  3 25 25 57
 25  6 50 50 35 33 11 25 50 10 11 13 25 68  7  5  0 25 25 31 60  2 25 43
 35 52  1 21 38 39 25  7 50 75 30 20 12 24 50 36 32 10 50 42 10 41  9 35
  9 39 75]
[ 9 25 10 25 50 10 25  1 25 20 11 75  0  3 45 14 25 37 46  3  8 25 65 10
 98 13 35 12 25 25  5 75 51  6 25  4 50 25 25 59  6 65 11 20 34 12 27 22
 13 58  7 50 78 10 38  2 75 25 10 59  3 50 25 35 10  1 25 25 50 31  0 25
 71 74 20]
[12 25 75  5 26 10 52 31 33 25  5 25  2 25 26  4 31 25 50 20  9 25 88 25
 43  2 51 75 74 20  3 91 45 28 82 11 63 43 57 32  8 25 68 66  2 13 50 25
 10 71 14 50 37 34 47  7 50 50 10 21  6 11 28 33 30  1 48 80  6 12  0 71
 53 69 14]
[10 25  0 10  7  9 41 31 25 16  7 75 40 10 20  5 66 25 25 25  4 25 25 59
  8  6 12 51 93  1  2 25 58 58 27 11  1  1 10 15  8 56 59 46 36  3 48 25
 10 51  1 25 50 35 20  0 25 44 35 46 12 48  7 25 40 14 25 50 25 31 13 20
 47 10  6]
[ 8 25 82 14 11 12 25 31  7 10 10 59 73  1 10  2 54 75  1 20  9 10 33 50
 59  6 50 29 25 18 14 36 50 48 79  4 37 25 47 53  3 11 25 50 10  1 25 50
 10  4  5 64 91 21 12  7 31 47 23 29 11 50 16 10 29 13 13 31 12 97  0 25
 25 32 50]
[ 7 25  1  4 25  6 25 13 10  7  1 35 25  9 74  8 50 25 25 10 12 25 35 50
 50  5 25 25 20 50  4 49 25 25 70  3 25 78 25 36  9 50 50 33 45 10 27 30
 11  9  2 29 25 60  1 11 50 50 10 10 13 46 64 39 57  0 50 99 54 26 14 69
 59  2 74]
