-1000.0
-840.0
-689.9
-559.9
-389.9
-219.9
-109.9
0.1
0.1
0.2
0.2
0.3
0.4
0.4
0.5
0.5
0.6
0.7
0.8
0.8
0.8
0.8
0.9
0.9
0.9
0.9
1.0
1.0
1.0
1.0
1.1
1.1
1.3
1.3
1.4
1.6
1.7
1.7
1.7
2.0
2.0
2.0
2.2
2.2
2.3
2.3
2.4
2.4
2.4
2.5
2.5
2.8
2.8
2.8
2.9
3.0
3.0
3.1
3.5
3.8
4.1
4.5
4.8
5.0
5.6
6.0
6.4
6.6
7.3
7.9
8.2
8.8
9.4
10.0
10.0
10.0
10.0
10.0
10.0
10.0
10.0
10.0
10.0
10.0
10.0
10.0
10.0
10.0
10.0
10.0
10.0
10.0
10.0
10.0
10.0
10.0
10.0
10.0
10.0
10.0
10.0
10.0
10.0
10.0
10.0
10.0
10.0
10.0
10.0
10.0
10.0
10.0
10.0
10.0
10.0
10.0
10.0
10.0
10.0
10.0
