-995.0248756218906
-888.8888888888889
-985.2216748768473
-990.0990099009902
-985.2216748768473
-985.1485148514852
-995.0248756218906
-1000.0
-990.0990099009902
-896.8609865470852
-792.8286852589641
-995.0
-826.404958677686
-735.1838235294117
-995.0248756218906
-1000.0
-990.0990099009902
-1000.0
-985.1485148514852
-990.0990099009902
-990.0990099009902
-995.0248756218906
-995.0248756218906
-990.0497512437811
-877.1929824561404
-790.4743083003953
-709.1843971631206
-636.8789808917197
-566.894586894587
-534.6791443850267
-496.1786600496278
-457.50572082379864
-478.30143540669854
-492.3762376237624
0.36885245901639346
-461.50812064965197
-481.68674698795184
-499.75
-465.967365967366
-475.76555023923447
-495.91022443890273
-460.48387096774195
-481.56626506024094
-452.14932126696834
-471.29716981132077
-482.5728155339806
-449.97747747747746
-473.436018957346
-494.529702970297
-457.18535469107553
-473.38862559241704
-484.878640776699
1.0204081632653061
-462.38425925925924
-472.0902612826603
-487.1951219512195
-453.97727272727275
-459.17241379310343
-472.1513002364066
-484.6829268292683
-493.0521091811414
-462.2453703703704
-470.9669811320755
-493.037037037037
-464.3720930232558
-472.0567375886525
-494.1831683168317
-465.38461538461536
-477.52403846153845
-479.7826086956522
-449.3891402714932
-476.4200477326969
-478.6810551558753
-499.025
-475.26190476190476
-494.08415841584156
-458.8735632183908
-479.71014492753625
-449.3212669683258
-471.84397163120565
-487.9115479115479
2.1
-451.47058823529414
-469.52941176470586
2.3
-469.50588235294117
-483.14769975786925
-452.4716553287982
-470.5660377358491
2.45
-461.80555555555554
-471.4726840855107
-487.72616136919316
-455.4337899543379
-460.48723897911833
-487.64127764127767
-497.43142144638404
-457.45412844036696
-475.8992805755396
-494.8628428927681
-465.98130841121497
-479.32367149758454
-450.20316027088035
-478.2494004796163
-450.1805869074492
-464.87179487179486
-488.79901960784315
-464.87179487179486
-473.68171021377674
-476.97115384615387
-452.1995464852608
-469.22352941176473
-492.3703703703704
-460.5311778290993
-470.3066037735849
-486.3414634146341
-459.44700460829495
-473.63420427553444
2.5306122448979593
-462.4009324009324
-481.57004830917873
-495.8955223880597
-497.1321695760598
-457.20183486238534
-475.75178997613364
-492.17283950617286
-450.50228310502285
-469.9526066350711
-451.97278911564626
-471.04513064133016
-488.44827586206895
-491.98511166253104
-459.12442396313367
-465.4906542056075
-490.7142857142857
-454.86301369863014
-470.9692671394799
-450.70135746606337
-478.84615384615387
-490.64039408866995
-460.0461893764434
-467.29857819905214
-490.5911330049261
-455.58620689655174
-467.4056603773585
-488.1862745098039
-455.7894736842105
-469.7641509433962
-491.8024691358025
-453.69020501138954
-475.34606205250594
-488.1034482758621
-450.5882352941176
-474.1904761904762
-492.970297029703
-457.59815242494227
-474.14285714285717
-496.5586034912718
-461.9953596287703
-474.0952380952381
-494.06947890818856
4.55
-468.4470588235294
-485.5609756097561
-458.7096774193548
-478.53365384615387
-451.40589569161
-477.3621103117506
