[ 2 60 25 83 25  1 25 25 69 39  9 74 27 10 69 11 32 34 25 25 12 22 36 45
 83  3 25 50 60 45 10 25 50 42  8  4 50 50 34 22 13 32 52 15 60  8 51 60
 50  6  7 76 50 10 40  6 34 59 77 20  5 25 25 24 70  0 50 97 19 13]
[  0  25  25 100  25   6  25  10  25  86   9  69  28  10  40  10  50  25
  10  12  11  50   7  31  87  13  25  50  72  26   8  51  57  42  13   5
  25  10  23  23  12  50  25  90  25   4  25  25  52  48   7  73  25  22
  32   3  50  45  10  25   2  35  50  50   1   1  50  50  20  47]
[11 75  9 10 85  9 50 32 34 48  5 25 86 25 22  4 25 54 59 23 12 50 25 25
 67  6 49 97 25 34  7 67 50 18 20  8 57 50 28 45  3 50 39 10 56 10 50 51
 27 20 13 40 71 28 25  2 50 25 25 70  1 25 25 60 53  0 25 63 35 68]
[13 67 34 52 40 11 25 35 60 91  3 25 75 94 20  5 25 28 34  9  4 74 55 10
 20  7 32 60 48 20 10 27 10 49  2  2 25 25 62 30  9 25 50 59 29  8 49 50
 11 50  0 67 80  1 20  6 41 29 50 28  1 24 25 25 49 12 50 58 52 76]
[10 49 25 41 25  7 25 52  2 37  0 72 64 13 51 11 33 50 52 50  9 25 66 25
 50  5 45 19 27 51  2 25 25 27 25  8 50 25 67 41  6 50 49  8 21 12 50 98
 50 36 13 17 27 43 71  1 57 50 35 37  3 25 67  2 50  4 25 25 59 45]
[ 1 25 25 25 74 11 75 63 10 51  2 50 75 10 20 12 50 59 11 51  0 50 75 10
 20  8 25 40 36 26 10 57 86 46 21  9 26 37 58 94  5 50 50 10 81 13 26 29
 35 39  7 25 25 25 25  6 78 50 17 54  3 10 25 62 45  4 37 62  7 20]
[ 8 37 20 13 75  6 75 94 10 51  5 41 65 62 30  4 25 25 59 49 12 75 50 10
  2 10 25 58 60 50 11 50 50 25  1  9 18 29 49 17  7 33 20 17 49 13 50 43
 67 62  3 50 54  1 59  2 60 25 35  5  1 58 31 72 23  0 25 25 68 79]
[ 3 75 52 10 54  8 26 98 19 81  2 73 25 81 25  4 62 50 22 50  6 75 44 10
 49  1 66 69 56 20 11 46 92 50 18  0 51 34 92 35 10 25 60 95 29  5 65 25
 24 75  7 50 73 73 22  9 50 21 12 52 12 51 72 10 20 13 45 50 24 26]
[ 1 75 86 10 43  6 52 17 33 24 12 25 66 60 65  8 62 85 57 50  9 74 65 10
 20 11 50 12 25 27  5 25 73 27 22  4 30 25 54 85  0 38 70 49 32  3 35 73
 30 45  7 50 25 20 86  2 50 50 50 20 10 65 72  1 24 13 52 28 10 67]
[11 58 94 26 36 13 25 17 25 25  1 57 25 40 25  2 37 50 25 45 12 76 42 27
 92  7 25 53 35 86  9 25 62 59  9  0 25 25 67 63 10 79 59 13 42  3 31 25
  6 11  8 50 43 10 44  6 37 84 23 20  4 66 45 18 48  5 85 44 10 40]
[  1  25  75  42  20   9  50  41  34  87  12  25  19  25  69   3  25  25
  58  70   2  25  25  35  50  11  50 100  51  34   5  32  75  62  20  13
  75  62  10  47   8  25  73  60  34   7  55  50  25  23  10  25  70  36
  64   6  12  45  13  30   0  85  25  10  40   4  48  66  11  20]
[13 42 25  9 86 10 75  4 10 38  0 25 50 51 37  5 65 42 10 78  7 75 39 10
 19  1 41 74 50 20 12 25 80 52 19 11 40 83 20  6  9 49 25 35 90  8 53 50
 21  1  6 50 49 60 76  4 25 57 24 38  3 50 28 33 18  2 66 53 29 31]
[13 75 97  7 19 12 62 49 17 78  6 73 51 12 57  0 75 25 36 25  9 41 61 13
 48 11 63 70 34 64  8 25 70 49 24  2 75 84 50 22  3  7 41 33 54  4  5 64
 28 12  1 67 76 10 20  5 66  6 46 17  7 58 50 17 20 10 58 21 45 49]
[ 7 25 14 25 78  4 25 63 59 11  3 25 33 34 62  5 64 86 21 56 11 50 25  8
 65 10 54 40 10 21  8 75 63  3 44  6 42 25 17 18  9 74 29 10 64 12 23 47
  3 78  2 50 25 10 80 13  5 47 62 27  1 50 46 10 24  0 66 25  4 98]
[ 3 75 25 44  4  5 75 56 10 71 10 65 83 79 19 13 58 54 27 80  9 49 73 35
 26  6 50 25 15 70 11 50 63 35 20  2 77 50 41 34  1 25 25 89 25  4 48 37
 36 63 12 50 47 43 36  8 27 66 57  7  7 30 64 32 28  0 25 25 29 20]
[ 5 25 66 60 27 13 58 50 50 84  9 25 27  4 68 12 83 25 12  8  2 75 34 10
 40  8 50 31 10 39  4 74 51 10 48 10 75 63 10 65 11 50 88 78 46  7 55 61
 28 44  6 55 74  1 50  3 50 25 69 26  1 47 25 63 69  0 25 64 51 47]
[ 7 25 94 25 75 10 49 51 27 83  4 27 25 57 66  0 37 25 86  6  1 58 31 10
 55  9 53 46 31 52  3 25 71 37 24  2 33 38 52 23 11 50 48 10 25  8 75 78
  5 63  6 80 47 15 47 13 31 12 57 21  5 39 44 67 49 12 50 63 60 71]
[10 30 33  7 53  9 25 84 59 13  6 32 33 42 62  5 25 58 37 14  1 46 30 43
  5  0 67 25 14 53  8 25 34 92 40  2 45 75 15 20  7 50 75 45 20  4 55 59
  1 16  3 31 42 59 37 11 75 25 10 65 12 50 50 35 35 13 50 64 59 52]
[ 2 71 55 14 57  1 41 25 17 36 12 67 53 18 33  8 50 36 35 43  6 43 18  8
 77  9 50 26 34 25  5 44 75 34 20  4 45 51 39 20 11 50 73 52 61  0 66 60
  6 27  3 67 61 13 20  7 61 30 10 41 10 95  3 36 70 13 50 64 69  7]
[ 3 25 25 91 25  1 25 55 18 48  2 48 31 12 62  0 50 63  6 32 10 26 31 43
 57  4 12 74 72  4  6 43 75 27 20  5 25 56 35 20 12 28 50 57 39 11 34 87
 29 19 13 50 25 21 87  7 33 55 16 20  8 14 48 64 22  9 43 46 41 83]
[ 9 25 94 59 34  8 25 63 68 31 12 25 67 60 19 11 50 25 18 42  6 49 50 36
 20  7 50 25  5 54  2 48 25 47 25  0 25 72 87 23  5 74 50 10 68  1 83 50
 18  2  3 42 50 25 54  4 72 45 12 65 10 64 50 10 24 13 50 58 10 40]
[11 25 90 56 44  2 75 44 10 59  3 50 50 35 45  9 25 50 32 88 10 66 36 54
 54  6 43 25 32 56  5 68 61 10 20 12 50 91 45 43  1 55 41 55  7 13 20 65
 40 26  8 50 66 10 44  4 50 25 34 70  7 40 61 45 20  0 56 25 34  8]
[ 7 51 67 34 28 11 65  3 21 37  4 49 54 35 31  0 39 40 46 32  2 56 28 59
 22 12 75 50 10 19  1 50 25 41 68  3 74 50 10 51 13 56 36 33 40 10 65 58
 80 41  5 75 27 10 54  9 74 40 10 50  8 50 61 35 20  6 55 48 10 55]
[10 69 65 16 61  9 64 78 16 66 11 64 96 79 24  3 27 54 43 22  5 67 90 31
 20  4 40 25 17 45  2 49 25 61 29  8 94 27 25 51  6 75 67  5 49 13 65 76
 34 20  1 42 99 33 36 12 62 74 19 22  0 58 64 74 17  7 90 31 39 64]
[ 1 43 75 35 20 11 68 94 61 40  4 74 25  1 22  3 94 26 15 69  9 71 50 13
 34 10 87 64 33 30  8 87 70 19  4 12 50 28 62 22  2 84 70 45 31  7 36 75
 14 34  6 25 50 87 23  0 25 62 37 25  5 50 44 10 40 13 70 50 15 84]
[11 25 80 83 41  9 25 86 49 93 12 75 71 20 63  5 30 51 55 36  6 50 44  1
 67  4 43 71 41 60  2 58 25 26 70  8 63 49 15 37  7 88 25 25 16 10 75 42
 10 15 13 17 20 46 21  3 84 25 35 39  1 25 50 68 36  0 46 54 14 39]
[ 5 25 43 60 45 12 55 45 13 59 13 44 94 46 40  4 45 25 25 49  3 25 29 55
  9  0 47 25 10 63  1 46 25 12 21  2 32 38 72 28 11 57 46 33 83 10 72 43
  4 56  6 50 11 17 80  7 47 21 23 69  8 54 73 61 66  9 74 22 10 51]
[12 25 29 91 21 11 58 50 62 84 10 53 25 39 47 13 50 61 69 49  9 74 82 10
 24  8 26 54 86 20  7 25 54 36 20  6 25 50 35 20  5 50 44 10 24  0 75 75
  1 20  1 50 72 53 23  2 18 25 47 41  3 30 25 70 25  4 67 42 17 57]
[ 1 44 25  8 50  6 72 31 13 82  0 69 92 38 29 12 50 25 73 25 11 25 81 62
 19  2 17 25 94  4 10 85 61 22 20  3 75 49 10 66  5 59 37 10 17  7 50 50
 35 20  4 50 35 34 59  8 65 50 10 20 13 73 75 24 26  9 74 68 10 82]
[ 6 56 68 29 27 13 25 72 93 62  4 74 95 10 23  0 27 25 95 25 12 32 50 34
 22 11 25 63 42 71 10 25 25 66 38  1 39 67 38 41  8 66 51 19 37  2 42 50
 33 45  9 64 46 10 71  3 52 25 67 41  7 73 50 28 67  5 64 32 10 38]
[ 0 69 94 16 37  8 28 35 29 60  4 35 97 15 58 10 25 85 23 49  3 73 77 12
 20  7 53 50 10  2  2 62 31 66 46  6 50 75 48 18  9 71 50 13 21 11 19 25
 15 89 12 34 62 51 21  1 68 63 29 32  5 59  6 44 43 13 50 69 49 65]
[ 1 73 25 51 25  4 25 25 33 70 10 52 43 33 77  9 41 79 43 66  3 50 75 10
 20  5 25 53 17 51  6 75 92 10 53  7 13 56 72 32  2 48 50 23 51 12 75 76
 36 36  0 25 64 84 34 11 50 43 25 69 13 66  5 16 29  8 50 50 16 37]
[13 25 33 73 93  3 75 25 44 25 12 33 29 27 71  2 77 67 40 27  1 28 25 37
 47  5 75 34 10 75 10 25 26 50 59  9 25 55 59 18 11 58 36 10 62  0 53 53
 10 63  4 47 80 23 20  8 36 49 24 12  7 25 54 46 20  6 50 61 10 20]
[ 0 70 83 15 84  4 45 29 21 44 13 38 45 81 41  3 25 65 55 30 12 25 59 48
 75  8 25 50 60 34 11 50 71 10 40 10 60 45 10 42  9 74 35 10 55  1 48 25
 82 25  7 25 84 48 20  5 60  7 48 31  6 50 71 10 43  2 50 51 10 78]
[ 8 75 18 10 39  9 61 49 11 35 12 25 34 52  8  4 50 57 14 37 10 25 93 65
 39 11 48 35  8 26  6 58 25 82 25  5 75 60 20 20 13 47 37 49 34  2 28 29
 16 41  3 65 39 20 24  1 53 50 10 20  0 30 36 58 69  7 25 59 54  8]
[11 25 78 97 56  0 75 25 33 25  8 25 10  2 73 10 25 25  3 62  9 12 75  3
 48  4 25 25  1 30  2 25 78 25 67  3 50 88 46 13  6 50 25 10 10 12 50 46
 32 25  1 70 58 25 13  5 25  2 46 63  7 50 71 10 20 13 95 50 14 83]
[ 2 25 25 25  7 10 51 25 25 50 11 41 25 78 25 12  6 50  8 29  1 81 75 49
 13  9 25 25 35 88  0 25 25 67 31  4 25 25 10 32 13 25 50 35 50  8 50 43
 10 48  3 50 25  3 48  7 25 10  2 45  6 32 39 28 31  5 25 80 19 32]
[ 2 25 25 25 10  3 32 56 12 25  6 50 25 50 11 11 25  7 60 10  1 40 50 10
 25  4 32 25 25 60  7 50 36 11 44  8 26 36 10 50  9 66 23  1  9 10 25  6
 25 60 13 25 41 86 22 12 50 35 10 78  0 38 25 50 24  5 50 10 25 42]
[ 3 25 25 34 67 11 71 50 14 25 10 25 58 72 65  2 25 25  5 13 12 50 68 25
 44 13 40 11 10 99  9 25 25 20 50  8 50 47 10 40  7 25 25 12 59  1 25 25
  4 46  6 25 82 34 21  5 28 50 67 20  4 24 50 26  8  0 50 75 45 20]
[10 25 58 55 75 11 54 25 25 91  4 74 43 10 18  6 31 43 54 27  3 58 25 50
 25  9 67 58 10 53 12 45 49 25 51  8 25 50 50 25  7 50 55 10 25  2 25 68
 25 19  0 25 79  2 44 13 38 30 49 66  1  8 75 23 20  5 27 39 16 50]
[ 2 25 25 50 25 11 33 50 52  4  5 25 63 20 25 10 40 43 28 91  7 25  5 25
 29  6 25  1 25 28  4 25 25 59  6  3 45 25 15 70  8 38 50 13 45  9 58 25
 26 92 12 50  7 23 16  1 50 86 35  8  0 31 50 10 58 13 24 67 52  2]
[ 9 25 37  4  3  6 64 25 66 25 11 25 40 19  9  8 39 50 16 25 10 46 25 13
 10  0 25 25 16 77 12 62 14 10 21  1 75 25 12 20  7 33 92 52 47  5 41 17
 25 11 13 50 30  8 25  2 59 50 26 20  4 25 60 50 22  3 50 25 13 35]
[ 8 45 25 12 70  7 25 21 25 75  1 50 25 10 25  0 67 25 18 92 11 25 27 13
 35 10 25 25 35 50  9 73  6  2 50 12 50 20 30 62  6 50 44 10 64  5 57 50
 10 20 13 45 50 74 66  4 25 25 10 45  3 25 25 35 45  2 50 90  3  5]
[11 50 50 10 25  4 25 25 10 46  8 25 50 50 45  7 25 25 70 25  9 40 25 14
 71  3 50 50  3 20  6 50 37  6 50  2 74 25 21 25  0 40 62 45 18  5 25 75
 60 20 10 25 50 25 42 12 70 50  1 38  1 50 25 40 45 13 36 75 59 25]
[11 25 50 25 25 10 25 44 35 50 12 15 33  5 10  9 50 50  5 50 13 27 26 50
 50  8 34 51 23  6  5 75 25 11 25  7 25 33 38 38  4 25 67 51 25  6 50 50
 10  1  3 50 74 10 22  1 25 93 15 47  2 25 58 60 20  0 27 62  5  1]
[ 8 25 56 25 10  7 50 25 50 31 11 75 13 10  2 13 80 25 39  2 10 25 10 25
 10  6 63 10 22 44  2 75 25 50 25  9 30 53 15 25 12 25 16 35 10  5 50 25
 20  3  4 51 50  7 27  3 15 25 25 45  0 27 25  7 20  1 12 25 73 30]
[ 2 25 25 25 48  4 29 75 44 20 13 25 67 89 25  8 73 50 12 12  1 25 25 33
 25  0 25 25 34 13  3 25 34 85 11  5 42 74 91 14  7 25 28 45 46 11 50 43
 35 51  6  1  5 59 69  9 50 50 20 47 10 25  9 11 42 12 50 59 10  7]
[ 6 25 25 93 19  2 25 50 13 20  0 25 25 10 67  3  9 50 50  8  5 25 47 43
 48 10 25 50 25 25 11 25 50 25 84  8 25 44 25 25  9 15 13 35 53  7 50 44
 10 41 13 25 24 50 13  4 50 25 34 58  1 50 50 10 20 12 25 10 25 13]
[ 6 25 50 37 20 11 31 59 25 75 10 56 25  4 25 12 21 25 61 25  0 25 43 60
 52  8 75 50 10 25  9 50 27 34 65 13 10 50 91  1  7 50 33 50 37  5 25 50
 27 28  4 38 26 10  1  1 75 74 10 25  3 25 32 85 40  2 50 50 10 25]
[ 2 25 25 50 11  0 25 25  1 10  1 50 33  5 50 10 25 71 10 49  8 25 33 17
 25  9 52 73 32 68  6 45 38 25 49 12 75 33  3  1  3 10 36 60 42 11 10 75
 95  8  4 45 50  3 50  7 35 34 25 63  5 25 31 25 18 13 56 96 32 38]
