-1000.0
-980.0
-949.6
-929.6
-909.6
-909.6
-909.6
-909.6
-899.6
-899.6
-899.6
-889.6
-869.6
-869.6
-859.6
-849.6
-839.6
-839.6
-829.6
-819.6
-809.6
-799.6
-779.6
-779.6
-759.6
-749.6
-739.6
-729.2
-709.2
-709.2
-709.2
-709.2
-689.2
-689.2
-689.2
-679.2
-679.2
-659.2
-659.2
-649.2
-639.2
-639.2
-629.2
-609.2
-609.2
-599.2
-589.2
-579.2
-579.2
-569.2
-569.2
-549.2
-539.2
-518.8
-508.8
-498.8
-488.8
-488.8
-478.8
-478.8
-448.8
-438.8
-438.8
-438.8
-418.8
-408.8
-378.8
-378.8
-378.8
-378.8
-368.8
-348.8
-348.8
-348.8
-348.8
-338.8
-338.8
-338.8
-318.8
-318.8
-308.8
-308.8
-308.8
-298.8
-288.8
-278.8
-278.8
-268.8
-268.8
-268.8
-258.8
-248.8
-228.8
-228.8
-228.8
-228.8
-218.8
-198.8
-198.8
-198.8
-178.8
-158.8
-158.8
