[14 85 66 67 75 46 90 99 24 97  6 60 33 38 22 18  3 73 76 80  4 23 23 75
 36 47 13 39]
[96 70 73 10 65 72 81 45 16 99 96 47 28 47 13 24 38 99 98  3 34 27 15 30
 95  4 15 94]
[73 33 43 51 69 88 71 63 48  8 96 31 44 44  4 37 48 38 20 75  0 13 97 65
 91 78 90  9]
[92  9 78 95 46  4 19 61 86 81 30  1 39 11 46  8 74 81 53 60 56 59 88 24
 87 81 68 16]
[21  5 75 45 51 72 24 77 78 68 91 48 88 36 68 35 10 68 82 99 13  0 17  5
 82 62 23 17]
[33 54 56 13 38 35 59 74  1 88 52 40 40 27 18  6 29 34 95 66 99 58 89 77
 46 63 95 10]
[59 57 91 90 16 85 16 94 79 20 97 54 90 98 83 39 44 50 57 25 12 15 18 15
 74  8 23 64]
[70  7 13 48 10 82 29 20 16 39 90 37 34  4 68 78  9  4 90 82 87 61 91 70
 34 12 48 81]
[27 45  4 73 38 64 24 74 77 15 98 44 38 16  0 54 76 67 46 85 33 29 98 42
 45 11 55 70]
[30 32  7 59  4 39 42  3  0 39 25 51 14 52 83 57 90 71 75 14 80 20 71 91
 80 93 24 46]
[28 24 26 69 46 14 50 33 30 42 20 97 49 74  4 99 26 76 74 87 14 89 20 22
 63 19 34  0]
[19 64 64 39 53 79 84 60 89 44 64 13 32 88 75  0 49 36 35 28 70 73 13 61
 40 78 56 52]
[53 19 63 71 43 56 21 24 80  3 95 47  8 67  4 33  7 49 90 18 37 42  3 85
 57 79 24 34]
[99 16 67  7 18 80 43 59  2 77 86 97 65 43 34 80 89 27 44 57 18 25 34  7
  6 42 16 96]
[88  1  6  2 77 99 16 69 18 15 32 77 39 80 85 25 38 69 78 81 12 65 81 50
 29 74 70 77]
[37 51  4 42 55 62 70 29 23 81 10 69 16 94 69 29 87 89 70 81 63 12 84 47
 44  7  8 74]
[23 25 15 15 89 78 36 11 86 44  1 52 15 22 86  3 47 71  8 39 98 46 16 69
 40 93 28 18]
[66 94 15 18 50 27 46 74 69 44 53 40 82 57 38 14  3 63 16 48 15 54 57 38
 33 69 53 58]
[53 51 59 36 35 65 44 39 44 47 70 50 79 16 87 59 22 26  1 46 39  3 77 59
 90 62 48 38]
[29 56 25 65 76 12 83 18 42 87  4  2 68 61 66 94 24 59 21 43 99 21 87 80
 42 20 79 70]
[22 66  3 82 64 30 41 56 73 94 19 39 54 28 71 24 91 57  9  3 48 96 53 67
 10 15 65 18]
[28 31 88 49 67 27 39 45 41 98 61  7 97  6 18 46 24 48 64 74 92 30 72 99
 52 41 54 11]
[90 33 94 89 48 38  8 83 20  6 99 49 62 75  2  0 33 78 80 12 60 78 22 71
 31 44 13 19]
[16 94 24  9 46 64 92 85 83  0  1 96  7 57 17  2 91 66 16 64 75 61 84 72
 52 83 75 12]
[ 1  5 86 95  0 28 73 96 91 66 53  6 28 79 72 90 53 66 53 76 29 16 91  2
 97 87 37  5]
[57 68 87 27 35 27  9 24 53 28  4 97 10 25 62 61 54 36 74  8 27 31 78  2
 69 81 32 67]
[71 18 58 54  3 68 19 62 15 70 21 59 94 67 16 57 51 87 21 34 51 53 23 13
 12 97 55  6]
[33 52 69  5 94 59 86 89 29 16 50 18 74 51 14 58 73 30 40 81 98 75 11 66
 52 55 84 67]
[62 39 92 61 39 19 15 77 88  4 54 53 89 40 35 58 79 82 71  7 92 67 12 41
 64 30 81 23]
[59 50 60  9 89 88 97 94 53 58 62 86 37  9 34 44  9 11 24 46 86  2  0  4
 88 58 17 18]
[28 83 74 34 83 87 28 10 61 43 41 37 65 80 68 84 75 93 88 28  4 60 94 62
  8 52 85 20]
[12 23  4 80  7 97 69 81 12 38 85 49  6 63 88 10 90 47 82 55 97 19 14 16
 99 69 39 95]
[ 5  4  6 69 39 38 88 37 14 46 47 99 13  1  6 90 86 29 25 31 45 88 39 50
 47  3 66 14]
[ 3 61 36 32 62 84 50 92 80 41 44 10 21 80 88 13 11 19 10 95 45 75 39 20
 80  7 92 39]
[24 94  7 15 63 58 95 88 86 69 23 42 91 20 10 86 27 79 54  6 37 48  8 17
 90 39 22 18]
[31 34 90 22 82 76 80 45 90 79 38 50 46 23  8 69 46 56 51 13 49 25 45 91
 26 24 15  0]
[87 40 56 39  0  3 51 82 56  2  5 22 77 74 41 87 33 40 69 83 45 94 12 64
 30 27 91 10]
[69 80 12 18 79 27 17 55 93 65 95 42 40 66 95 71 15 20 28  7 17 56 73 37
 54 33 31  9]
[18 70 64 69 18 37 67 76 74 29 57 78 19 59 37 20 72 56 52 11  7 14 89 97
 46 88 12 18]
[73 95 19 15 85 86 21 30  1 61 84 21 71  1 95 12 27 74  4 43 89 37 11 96
 97 80 33 92]
[82 60 42 69 53 89 49 50 69 50 48 66  0 32 34 63 63 48 95 97 59 54 91 50
 36 71 79 35]
[73 19 41 62 89 79 56 35 14 59 99  1 94 40 94 68 99 69 21 35 16 31 16  0
 51 35 91 62]
[82 97 38 36 63 92 28 93 34 79 23 82 24 40 14 65 42 16 79 54 55 76 97 59
 29 51 44 60]
[61 52 42 26 63 74 20 66 25 83 10 73 42 51 42 88 75 36 26 56 45 22 97 60
 29 21 94 86]
[17 65 91 25 54  4 12 41 71  1 40 67 53 16 37 49 49 47 35 72 56 61 49 29
 72  4 47 31]
[62 79 14 55 62 48 22 22 87 62 94 83 78 57 21 70 75 37 35 52 20 19 85 52
 10 91 22 65]
[99 98 18 18 73 85 77 80  0 65  9 80 92 94 71 13 19 78 46 66 54 28 41 17
 91 79 76 43]
[34 85 43 74 35 29 32 17 41 98 18 42 43 26 71 86 30 68 68 40 96 23 79 19
 78 94 93 87]
[85 56 88 94 96 54 81 91 84 86 69 31 56 35 78 26  5 27 70 94 56 65 65 73
 59 79 37 18]
[89 30 27 52 12 69 74 10 29 53 51 42 80 36 15  4 75 52 95 75 57 56  2 73
 64 56  7 18]
[ 6 13 47 12 19 62 32 84 10  1 89 51  1 45 47 14 81 50  6 62 58  0 18 32
 74 25 80 74]
[12 62 39 35 31 81 99 33 38 51 85 13 16 77 88 95 50 97  3 38 18 61 30 51
 33 45 17 29]
[16 70 49 36 62 42 13 72 43 56  6 36 55 16 73 85 10  2 88 82 87 33 57 27
 83  8 64 38]
[ 7 10 47 52  8 46 89 69 67 83 99 51 13 75 98 48  8 63 40 82  2 11 76 28
 95 27 33 47]
[88 49 97 90 43 27 43 43 62 96 19 53 88 71 39  1 81 34  0 58 56 12 84 61
 83 72 12 35]
[ 2 35 66 73 99  5  0 81 98 36 46 99 35 91 78 41 26 86 98  2 35 95 23  1
 96  3 47  3]
[57 37 89 38 76 21 42 17 30 49 66 73 64 14 61 23 54 95 83 31 65 99  4 29
 73  3 69 17]
[53 26 62 40 45 91 49 94 28 18 86 12 74 27 23 31 46  8 40 43 34 32 28 49
 47 19 35 86]
[19  6 35 66 10 86 94 18 10 40 71 72 67 81 45 99 56 85 89 66 67 63 50 92
 97 44 82 32]
[51 94 91 16 39 47 18 11 95 42 84 44 46 68 86 38 39 19 10 91 80 68 50 73
 36 91 79 36]
[82 48 66 93 40 66 21 19 31  0 48 95 36 29 84 76 69 69 99 74 93 87 74 81
 58 32  7 39]
[ 3 46  6 41 37 75 40 30 49  2 48 49 58 85 83 73 46 93 17 18 84 17 19 96
  9 89 16 45]
[51 87 12 69 30 69 82 28 17 47 88 43  6 28 77  0 32 92 97 90  1 17 18 63
 63  5 16 49]
[28 41 29 78 23 25 93 96 10 13 36 55 69 86 46 97 19 55 82 48 79 22 68 37
 92 14 71 43]
[ 5 85 33 78 27 70 94 49  3 98 84 81 98 67 71 95 54 50  1 86 24 56  8 90
 23 35 80 20]
[ 3 45 78 77 20  2  7  5  0 73 86  3 86 48 99 87 88 88 42 92  5 56 85 75
 74 61 74 52]
[51 75 22  5  2 92 19 97 94 91 29 20 61 39 71  0 69 87  0  6 79 87 74 39
 50 99 19 60]
[53 88 96 24 91 63 32 66 17 53 90  6 14 74 61 93 11 20 73 74 99 52 38 78
 78 28  6 61]
[28 26  0 84 32 64 95 91  2 79 70 45  9 77 59 95 55 87 37 43 38 10 28  1
 64 26 53 30]
[66 39 29 99 11 24 71 14 88 62  4 49  9  9 75  9 74 26 55 11  9 94  3 19
 82 33 86 95]
[73 42 30 54 69 65 62 27 95 42 47 70  3 10 37 66 82 34 67  5 17 54 70 56
 97 64 16 44]
[77 45 53 69 96 85 60 53 46 95  4 16 41 56 81  9 50 30  7 60 72 57 74 46
 61 46  7 77]
[18  8 35 67 87 19 52 29 53 79 15 97 39 84 57 34 13  8 92 96 53 35 75 39
 42 62 11  7]
[91  6 69 18 11 44 10  2 87 44 48 66 75 18 54 47 31 99 19 42 76  2 54 52
 49 63 77 42]
[56 73 15  8 93 85 80 86 50  0 47  9 10 72 65 49 30 87 28 93 41 65 70 31
 41 75  2 33]
[59 26 51 46 59 86 46 17 83 30 31 26 45 10 46 71 78 38 19 50 47 10 19 16
 54 31 30  7]
[68 20 38 31 40 71 83 27 29  8 58 55  2 54 25 32 34 32 19 71 80 98 10 91
 47 90 36 64]
[24 51 38 41 32 73  1 76 87 31 83 54 18 33 65 69 37 50 31 42 46  8 52 43
 96 20 14  1]
[14 47 96 94 71 32 66 99 87 84 11 45 24  1 37 28 98 66 71 60 52 37 24 90
 58 62 29 30]
[53 76 99 48 53 42  0 93  1 32 34 90 85 11 84 93 87 12 78 34 89 99 27 76
 96 25 29  2]
[58 11 27 15  2 20  7 17 63 39 89 65 48 87 86 42 33 67 36 49 14 36 94 74
 72 23 59 61]
[50 38 64 55 79 12 48 59 46 15 79 40 39 10 83 96 34 37 73 97  2 87 22 26
 69 78 40  1]
[85 65 13 54 22 63 38 65 51  5 84 18 86 34 83 73 59 87 83 81 56  8  4 71
 38 10 29 49]
[14 28 88 94 52 61 71 29 63 48 65  7 83 97 60 38 89 45 88 40 56 23 71 98
  7 29 51 96]
[82 40 34 41 69 48  2 66 41 12 85 46 78 31 68 27 67 19  8  6 95 52 66 17
 93 25 97 69]
[ 9 39 50 74 45 91 24 78  5 67 56 34 76 48 28 11 59 68 59 11 87  9 69 80
 74 52 69 68]
[81 23 67 60 53 69 48 86 79  3  4 19  9  5 64 86 89 47 72 88 28 17 97 21
 76 20 97 37]
[33 79 49 30 41 72 61 69 75 96 95 44 54 25 10 64  4 76 50 75 54 95 80 60
  5 80 91  8]
[26 48 19 26 95 55 73 67 47 20 45 81 69 40 44 69 20 39 21 21 28  3 43 97
  2  9 45 62]
[59 10 17 11 35 98 95 28 62 86 96 99 27 61 16  6 84 95  0 14 40 16 35 48
 96 52 93 16]
[ 4 45 31 88 62 99 16 62 49 77 74  7 82 26 67 42 95 62 18 75 48 44 37 59
 44 50 32 35]
[24 90 86 93 55 49 99 73 67 95 94 63 90 90 38 69 26 97 46 64 35 89 30 30
 19 56 82 49]
[97 35 58 17 26 72 75 72 41 81 15 65 49 22 62 86 78  2  6 93 70 43 26 36
 46 24 10 80]
[38 58 48 51 67 61 35 60  6 39 39 31 86 56  6 31 51 15 56 50 38 32 43 37
 95 34 31 59]
[80 13 98 38 48 27 44 89 38  1 42 22  9 60  8 90  3  4 46 73 28 75 14 69
 16 23 99 42]
[73 22  1  3 87 60 25 70 27 13 78 41 91 66 45 67  2 87 52 71 84 50  7 81
 76 12  7 93]
[38 92 48 45  9 75 47 37  2 50 97 49 39 18 91 47 13 32 72 20 81 34 35 13
 39 71 37 35]
[89 35 96 30 31 46 66 91  2 67 53 52 72 64  8 10 19  1 16 34 90 50 16 70
 70 54 55 40]
[ 8 17 48 90 67 57 62  2 58  8 35 87 18 72 53 72 52 66 96 63 91 13 15 29
 35 36 38 92]
[69 32 87 30 93 73 21  6 29 46 62 59 54 78 60 13 49 62 88  8 58 78 50 32
 17 55 43 56]
[72 48 58 24 49 26 76 93 31 35  7 49  6 82 67 45 87 49 37 17 87 15 51 38
 37 46 22 55]
[90 91 38 15 89 78 92 17 51  2 81 86 49 62 18 85 86 98 21 22 25 82 80 14
 29 16 82 72]
[73 91 71 25 42 31 16 76 51 12 25 90 79  8 40 53 23  8 56 63 10 17 73 56
 23 95 97 58]
[48 91 62 90 48  0 30 39 57 61 13 45 41 87 90 49  5 17 71 12 49  0 52 99
 45 43 50 50]
[28 98 83 60 20 82 79 10 92 25 98 17 94 17 66 48 73 14 61 22 28 73 14 47
 96 46  9 95]
[70 29 71 36 65  7 86 20 88 68 95  5 51 40  7 61  9 37 39 81 38 16 15  1
 13 73 34 15]
[69 11  7 46 47  4  5 89 87 55 24 90 66 87 49 83 36 71 12 99 34  3 33 38
 21 34 76 64]
[84 40 90 10 25 10 33  9 30 17 25 62 76 24 11 72 71 54 95 29  0 34  0 20
 85 41 70 48]
[43 24 72 35 21 33 15  3 18 35 45 84 22 16 82 58 66 13 89 14 86 97 80 19
 21 31 93 69]
[80 58 41 91 41 93 77 52 50 27 47  8 45 60 75  7 21 85 87 50 74 95 54 98
 87 66 63 97]
[ 4 38 82 54 68 17 57 96 78 56 43 99 45 51 65 93 14 20  9 76 60 85 22 51
 53 42 31 13]
[55 81 32 36 44 11 74 25 78  1 27 99 21 95 66  2 29 93 50 36 79 41 50 30
 13 75 52 43]
[12 15 43 70 87 31 77 21 33 59 94 63 48 85 93 11 99 27 61 71 71 80 55 72
  7  9 42 65]
[42 34 78 85 57 17 95 49 41 40  3 89 97 25 84 49 59 56 57 68 97 34 19  7
 56 81 76 63]
[26 93  9  4 61 81 92 59 55 23 34 33 94 28 92 21 69 44 96 21 67 47 43 53
 85 96 80 86]
[66 79 30 60 68 91 39 18 45 13 65 49 36 85  3 75 28 26 32 79 71 78 46 24
 27 58 85 14]
[98 55 17 78 46 37 91 46 32  9 37 86  8 44 37 72 31 12 23 63 68 81 99 67
 60 90 82 71]
[86 95 24 65 97 64 58 91 20  8 47 77 27 47 88  4 74 56 85 30 16 27 90 23
 43 33 30 93]
[ 9 83 60  4 75 79 64 44 14 12 35 72 24 24 75 61  6 99 45 31 74 20 20 11
 71 85 40 52]
[27 59 71 18 94 40 32 94 15 32 90 88 26 11 42 60 48 52  9 21 82 47 93 23
 93 93  3 28]
[90 17 58 54 89 56 22 26  1 18 98 35 27  4 17 51 53 26 11 14 85 85 81  6
 54 53 19 32]
[ 4  2 32 57 64 89 63 40 23 70 27  2 86 86 57 86 43 41 19  2 32  6 87 56
 21 97 24 28]
[62 82 59 38 93 21 62 51 33 49  0 50 90 78 69 86 96 20 93 47 89 32 77 19
 39 22 23 72]
[64 40 90 80 51 84 10 25 46 18 45 32 49 11  1 21 49 86 42 41 73  0  2  7
 84 57 22 17]
[68 71 57  2 56 88 46 61  2 54 79 22 38  1 34 64 33 96 83 82 96 92 52 18
 37 21 89 69]
[43  9 78  7 64 63 69 81 25 96 80 92 69  0 68 48 37 69  5 19 68 48 88 43
 79 89 28 85]
[56 79  7 38 52 18 42 27 70 45 76 12 37  2 80 77 93 59 94 66 64 52 98 68
 62 39 90  2]
[80 51 57 34 79 74 59 43  2 93  3 58 39  8 28 38 50 56 74 90 52 52 69 44
 86 76 71 77]
[39 16 44 74 70 82 90 95 65 86 92 45 50 34 65 98 14 49 36 27 76 77 79 74
 20 11 81 79]
[52 75 70 10 77 49 70 81 21 22 15 69 42 79 78 88 85 21 16 99 23 48 96 25
 13 22 74 54]
[86 52 67 95 99 97 61 74 72  1  5 60 14 46  0 20 36 48 78 37 99 86 39 98
 87 93 55 24]
[51 53 95 10 95 18 52 24 80  6 49 55 10 98 64 66 64 94 70 83  3 33 12 71
  2  5  3 78]
[54 61 15 62 68 15 54 29 30 17 77 27 37 70 18 82 79 49 40 80 92 62 28 89
 18 71 37 94]
[43 61 37 27 58 61 32  2 98 35 40 80  9 65 53 50  3 29 67 15 49  7 82 89
 57 72  6 10]
[45 47 38 74 70 49 45 49  9 35 10  6 97 15 48  5 91 90 49 54 31 47 86 75
 74 23 26 17]
[56 82 46 22 32 82 11 21 23 13 29 78 81 15 74  0 99 73 90  1 95 19 19 13
 73 70 37 19]
[57  4 78 97 76  1 71 13 23 74 32 35 58 22 26 56  6 82 82  2 72 87 51 56
 94 14 44 69]
[59 43 61 10 45 81 50 97 95 64 16  1 72 83 66 45 82  4 73 50 62 47 84 92
  3 64 97 74]
[ 6 94 27 77  8 37 67 56 79 91 35 14 36 96 95 50 82 62 23 71 90 45 84 65
 38 33 77  6]
[19 79 45 44 50 19 17 60 31 46 53 84 96 28 69 45 69 45 70 58 99 81 82 25
 31 33 51 36]
[55 26  7 45 39 39 62 85 72 21 94 75 76 74 57 44 53 95 88 63 92 49 92 16
 53 21 85 17]
[16 71 80 17 79 10 11 80 84 46 43 41 90  4 49 52 17 19 92 99 34 89 88 24
 70 69 53 48]
[10 56 46 65 52 36 83 75 12 91 27 15 27  2 88 47 50 20 91 43 26 28 72 23
 66 24 35  6]
[ 9 46  3 45 49 82  2 52 28 30 76 92 60  6 21 10 27 83 25 61 53 60 58 63
 11 33 51 67]
[55 31 56 42 39 21 70 60 95 54 37 14 38 80 23 16 52 79 42 94 38 21 10 83
 18 33 33 34]
[13 76 99 69 66 79 47 60 85 61 45 57 12 96  9 25 44 28 52 60 77 37 17  9
 80 80 81 36]
[84 10 17 97 34 32 82 35 58 55 37 44 93 62 59 75 84 96 14 55 23 65  7 20
  8 69 25 61]
[94 52 22 36 84 53 10 85 77 52 56 76 51 84 72 40 49 95 25 23 47 50 76 65
 53 48 96 47]
[44 77 15 26 54  2 98 41 40 22  2 23 20 90 13 75 50 42 40 73 84 76  2 72
 98 83 36 86]
[17 72 72 82 81 12 75 73 70 20 71 26 61 65 19 65 28 12 20  2 53 63 37 94
 52 54 75 84]
[61 69  6 94 48 80 95 71 25  9  5 21 28  9 33 15 82 43  2 58 46  0 65 43
 16  9 12 74]
[66 32 45 95 90 15 37 78 16 45 45 29 97 10 46 53 25 88 94 85 83 59 86 90
 21  3 87 96]
[53 11 71 46 84 67  7 90  1 23 54 90 17 12  4 12 89 35 57 10 17 82 32 68
 40 64 13 42]
[99 52 60 87  7 56 79 72 81  7 93 94 52 73 74 16 46 40 62 52 54 52 87 19
 27 16 78 82]
[44 19 29 63 31 20 71 30 47  1  6 84 91 44  1 16 56 48 47 34 22 66 36 47
 84 93 76 30]
[37 81  1  7 91 45 36 67 68 84 64 67 21 79 32 49 52 58 25 91 17  8 66 26
 19 56 93 68]
[72 33 45  1 24 66 91 22 71 57 31 89 88 15 29 67 55 41 96  8 15 14  5 46
 20 27 45  0]
[ 7 34 91  8 91 35 37 83 94 64 43 69 38 15 53 72 39 15 26 73 33 47 57 67
 92 10  5  5]
[69 90 66 23 36 26 20 38  9 24 50 80 89 78 41 79 44 80 30 23 77 66 22 51
 86 84 25 35]
[ 7 64 11  6  3 69 41 78 49 47  8 68 30 45 91 60 57 33 28 82 54 58 92  5
  6 46 30 87]
[46 92 59 72 45 82 27 26 79 75 56 42 65 86 96 92 14 39 19 81 71 77 46 37
 40 46 27 44]
[48 92 27 49 36 38 11 49 53 10 76 20 48 98 33 14 38 13 86 81 41 65 78 99
 85 25 33 79]
[50 82 68 59 50  1  8 68 93 18 45  0 26 49 79 46 88 11  1 63 58 88 81 78
 15 89 29 15]
[33 63  7 19 87 99  4 47 88 19  2 65 38 91 29 72 64 91 20  4 74 73 13 47
 22 12 13  7]
[42  6 32 34 50 13 17 67 49 63  9 24 62 89 54 73  7  3 40 76 41 85 81 41
 40  2 89 75]
[ 8 50 49  5 73 27 34 61 66 80 16 27 26 10  1 71 42 95  6  5 72 85 70 61
 61 33 62 44]
[30 17 46 62 61 11 33 76 28 26 50 33  7 24 96 59 69 84 19 18 76 38  4 57
 20 88 28 81]
[ 3 72 20 57 69 83 85 64 85 22 63  8 70 58 24 94 43 83 32 92 41 13 60 90
 16 52 95 62]
[70 61 43 51  5 54 81 88 80 54 65 93 26 10 23 35 39 34 81 76 50  1 62 13
 53 13 97 39]
[92 90 54 27 44 25 70 86 53 75 86 50 76 81 75 94 94 72 50 25 10 95 11 64
 52 93  3 91]
[95 56 85 40 83 63 46 28 29 59 99 28 36 98 10 67 99 95  7 53 27 51 48 28
 93  1 20 96]
[68 70 45 32 57 54 51 79 34 53 32 47 90 15 13 53 89 55 78 27 49 20  1 85
 54 40 95 56]
[52 10 45 46 35 65 30 34 80 75 92  7 41 92 46 50 49 96 29 40 74  7 13 39
 45 18 40 80]
[83 73 66 52 74 81 22  2 64 81 63 10 37 17 94 56 56 68 91 62 51 67 75  0
 32  3  0 96]
[56 57 60 92 88 91  2 83 88 27 53 70  7 44 16 84 87 83 56 19 90 92 73 33
 47 12 40 64]
[40 83 71  4 49 85 19 60  8 12 50 87 62 41 25 49 19 23 51 23 22 24 82 41
  4 78 90 50]
[14 60 47 60 55 71 30 70 26 21 60 45 76  8 62 56 31 81 39 16 61 75 52 34
 25 88 85 30]
[30 41 27 26 77 64 46 70 10 69 32 22  1 79 49 80 48 71 51 93 91 43 20 30
 52 68 79 29]
[13 76 79 13 70 42  6 14 89 40 30 40 67 56 73 35 48 11 92 13 52 54 51 55
 26 44 22 26]
[85 76 62 34  4  3 22 58 62 44 80 79 41  5 77 78 98 77 80 94  0 50 31 75
 76 46 63  6]
[75 96 98 52 24 77 34 63 27 79 52 77 51 32 54 76 58 61 79 47  3 71 87 49
 21 17 35 34]
[26  7 78 26 36 65 95 48  4 48 99 53  4 68 50 74 40 68 70 31 94 87  9 32
 99 81 99 39]
[62 55 14 33 35 16  8 26 93 42 99 35 75 24 66 87 33 35 24 45  4 38 61 76
 24  7 38 95]
[61 32 66 37 48 37 70 69 70 47 90 22 81 95  5 64 30 22 74 32 66 55 20 80
 10  7  1 16]
[83  2 44 97 36 25 79 93  1 83 55 57 17 40 21 11 77 59 54 75 26 59 86 81
 11 55 32 63]
[96 16 35 83  6 92 49 96 58 27  6 39 47 55 85 70 71 23 58 86 15 30 89 75
 79 78 38 16]
[91  5 72 98 33  7 71 35 86 99 50 23 34 39 71 27 37 31  6 45 20 31 98 37
 77 36 43 26]
[50 84 50 36 21 39 24 93  1  3 85 73 22 71 42 68 79 90 57 78 67 50 25 17
 14 57 16 62]
[70 42 75 70 45 83  8  7 65 35 86 61 78 66 13 21  0  1 23 50 41 68 72 86
 49 92 56 88]
[28 70 89 40 66 55 96 26 78 71 19 41 93 44 68 76 68 64 46 40 99 89 39 27
 23 84 75 32]
[ 5 62  6 50 31 85 79 68 45 67 52 49 40 73 98 66 80 93 33 95 99  4 44 65
  2 71 54  0]
[85 72 14 23 12 76 22 54 26 12 54 12 16 27 40 18 41 63 49 78 11 47  6 15
 79 85 81 18]
[95  6 77 91 12 12 94 87 43 36 20 92 21 27 90 34  4 16 57 24 79 91 84  1
 24 59 42 27]
[66 76 36 71 72 82 60 41  3 92 56 40 32 99 91 71 48 43 76  6 17  6 83 83
 58 42 82 98]
[ 2 57 81 71 89 53 67 61 25 41 94  7 97 21 36 83 98 54 52 16 34 76 74  8
 69 51 74 17]
[80 60 55  6  3 15 74 39 27 25 74 10 18 48 97 51 73 19 43 92 59 24 81  0
 96 72 22 64]
[35 33  4 16 84 67 66 13 22  2 26 67 83 97 53 11 35 55 21 20 61 98 67 79
 16 85  1 35]
[64 41 10 52 22 66 78 31 67 45 94 54  7  8 97 52 69 30 97 99 15 23 96 74
 40  5  0  9]
[71 73 30 81 57 87 94 97 10 56 21  3 40  1 70 34 78 81 84 68  3 70 84  8
  0 84 57 29]
[59  2 10 36 74 33 31 38 55 44 67 95 52 68 40 34 45 12 37 52 89 34 56 21
 71  6 89  5]
