-1000.0
-925.925925925926
-865.7575757575758
-819.6311475409836
-766.2452107279694
-719.3884892086331
-692.006920415225
-666.6333333333333
-643.0546623794212
-617.2222222222222
-596.955223880597
-574.6264367816092
-553.9058171745153
-536.0857908847184
-522.0626631853786
-497.3880597014925
-471.4218009478673
-456.46118721461187
-478.2775119617225
-463.68298368298366
-450.27027027027026
-478.2775119617225
-455.375854214123
-482.8743961352657
-464.90697674418607
-494.8267326732673
-464.7196261682243
-496.029776674938
-475.95238095238096
-451.24153498871334
-478.20574162679424
-456.1697247706422
-474.750593824228
-449.9321266968326
-459.44827586206895
-480.38461538461536
-453.1292517006803
-479.2086330935252
-483.8498789346247
-497.0
-457.20823798627003
-464.6511627906977
-463.52668213457076
-472.2931442080378
-468.943661971831
-462.43055555555554
-449.9099099099099
-460.2764976958525
-451.9457013574661
-494.4029850746269
-455.848623853211
-478.8433734939759
-459.1264367816092
-489.5098039215686
-494.30348258706465
1.5
1.5
-465.4778554778555
-475.35714285714283
-471.9148936170213
-466.3317757009346
-466.0798122065728
2.4
-457.37327188940094
-475.99045346062053
3.0
-477.86924939467315
3.3
3.65
3.95
4.1
4.4
4.7
5.05
5.25
5.5
6.0
6.35
7.0
7.142857142857143
7.239819004524887
7.387387387387387
7.748917748917749
7.370517928286852
7.894736842105263
7.593984962406015
7.607142857142857
7.877697841726619
7.8125
8.03921568627451
7.214765100671141
7.466666666666667
7.194244604316546
7.553956834532374
7.25085910652921
7.060702875399361
6.300940438871473
7.333333333333333
6.832298136645963
6.794117647058823
6.459627329192546
6.422287390029325
6.3434903047091415
6.134969325153374
6.045845272206304
6.094182825484765
6.119791666666667
5.798319327731092
6.066481994459834
6.117021276595745
5.797101449275362
5.623342175066313
6.13941018766756
5.769230769230769
5.546875
5.325301204819277
5.37037037037037
5.37037037037037
5.098039215686274
5.249406175771972
