[ 2 44 25 92 25 11 33 17 17 57 10 58 43 10 91  9 83 61 10 67  3 47 50 16
 34  8 25 72 91 25  1 28 48 51 47  7 50 39 69 98  6 58 32 24 30  5 49 50
 44 56  0 53 60 10  3  4 25 39 38 78]
[ 6 25 59 47 36 11 25 51 94 78 10 50 50 10  7  2 56 84 20 20  5 37 24 13
 39  7 78 29 25 67  8 75 29  1 79  4 62 68 13 62  3 28 64 50 20  9 41 87
 10 24  1 50 74 25 30  0 62 25 71 41]
[ 1 68 25  3 25  0 25 40 50  8 11 25  4 25  5  2 37 25 25 35  3 27 45 25
  6  7 50  6  7 36  4 25  5 57 21  5  8 26 45 52  6 18 25 28 50  8 25 10
  8 59  9 50 33 25  9 10 35 42 30  7]
[ 1 25 25 50 50 11 25  2 25 25 10 25  8 25  9  0 50 25  4  3  7 50 25 25
 40  6 50 25  9  3  2 40 25 99  4  5 25 30 27 64  4 40  9 20 41  3  6 46
 50  2  8 25 20 33 35  9 23 49 10 35]
[ 9 25 25  2  3  6 25 25 16 25  7  6 25  1  3  1 75 25 25  5  8 50 25  3
 88  2 25 25 15 10 10  4 25 34 25 11  5  7 29 25  3  6 30 63 21  0 50 27
 35  4  5 30 48 30 10  4 37  0 74 25]
[ 1 25 25  3 25  2 10 25 43 40  0 25 25 25  8  3 25 25 50 25  4 25 10 20
 25 11 25 33 94 45  5  8 75 25 20  7 60  5 40 50  6 20 50 75  4  8 30 10
 68 11 10 33 11 21 25  9 56 45 25  4]
[11 25  3  2 61  1 50 25 42 25  2 25 50 50 40  3 40 50 25 40  7 40 54  8
 50  0 45 25 40 50  4 25 25 20 25  5  8 50  6 25  6  4 30 21 45  8 42 30
 35 75  9 42 30 53  8 10 50 38 10 38]
[ 1 25 47 25  3  0 25 25 11 25 10 35 50 50 25 11 50 25 25 27  9 25 45  2
 75  2  6 50 30 25  8 50 25 32  6  7 25 22 20 53  3 45 33 50 60  6 25 30
 25 50  5 25  8 16 62  4 25  8 25 12]
[ 1 28 25 25  5  4 50 25 75 25  2  1 39 50 25  9 48 50 37  6 10 50 25 24
 35  0 25 25 10 10  3 16 30 25 25  7 25 10  4 25 11 39 50 64  8  8 52  5
  5 49  5 22 50 50 34  6 37 50 43 20]
[ 3 35 25 50  8  8 25  6 25 25  1 25 25 29 25  0 25 50 25  3  2 25 25 45
  3  4 50  2 10 50  9  6 31 27 25  5 50 45 20  4  6 25 49 30 45  7 25 50
 32 41 10 40 49 25  9 11 30 46 40 50]
[ 2 25 25 78  4  1 25 25 25  8  3  6 29  5 45  9 50 25  2 25 10 50 25 49
 25 11 25 50 25  8  0 64 33 47 62  4 25 11 33 74  8 50 40 11 45  7 75 11
  5  2  6 25 50 99 15  5 23 50 37 11]
[ 1 25 25 68 20  0 25 35  3 42  3 25 25 50 70  2  1 50 50 11  4 25 32 48
 16  5 25 48  4 25  6 29 31  6 40  7 75 25 11 50  8 60 28 40 22  9  4 49
  8 10 10 50 35 32 40 11 50 45 66 32]
[10 44 25  4  4  8 25 25 43 75  9 33 41 25  1 11 34 25  8 50  7 25 20  4
 25  1 25 54 50 10  0 25 40 25 48  3 41 25 11 50  2 40 25  2 50  5 45 50
 25 25  4 25 43 49 27  6 35 30  7 50]
[ 1 50 25  6 40  0 25 25  6  4  2 21 45 43 25  6 25 25 25 50  3 29 50 25
 45  4 50 25 45  9 10 45 30 25  2  5  2  8 13 50  7 35 50 25 45  8 70 25
 20 25  9  5 13 25 62 11 40 50 25 25]
[ 1 25 25  3  2  6 25 10 25 33  5 25  3  7 45 11 25 44 45 75  2 50 25 25
 25  0 25 25  1 50  3 20 50 25 58  9 25 14 62 11  4 25 30 16 25  7 50 29
 69 50 10 47 25 13 25  8 25 33 46 20]
[ 1 25 25 25 50 11 60 17 25 25 10 45 25 40 25  0 45 25  3 50  2 15 25 55
 47  5 25 30 50 50  3 50 25 47  2  4 30 36  1  9  6 40 27 25 43  7 44  5
 29 26  8 25  0  2 40  9  4 81  1 10]
[ 6 25  1 25  1  9 25 25  9 10  1 25 25 45 21  0 25 25 11 25  2 25 47 25
 10  3 15 25 25 50  5 25 20 51 40  4 26  5 15 82  7 40 35 60  9  8 25 42
 43  8 10 11 35 25 45 11 11  8 11 30]
[ 1 25 25 47  6  6 25 25 35  4  8 25  2 25  4  0 25 25 31 25  3 25 25  3
 45 11 25 50 65 67  7  5 29 50 50  2 11 31 31 28  9 33  8 17  5  4 50  5
 31 16 10 50 35 10  5  5 50 14 10 35]
[ 1 30 25 46 25  0 25 25 39 50  2 11 50  8 45  3  0 50 25 37  4 25 30  8
 50  5  8 30 25 50  6 50 42 33  4  7 30 46 74 49 11 35 50 70 25  8 35 35
 10 45  9 31 35 45 22 10 60 50 10 11]
[11 46 25 32  4  6 25 50 40 25  1 44 34 25 25  0 25 25 50 37  7 30 35  4
 25  2 34 25 11 35  8 25 11 25 25  3 25 30  2 25  5 50 14  5 50  4 75 26
 10 50  9 37 31 30 11 10 47 30  3 44]
[ 8 25 25  1 25  1 25 25 62 10  2 50 35 35 50  3 50 25  4 35 11 25 25 60
  5 10 25  8 11 25  0 25 25  6 25  9 13 40 48 35  7 25 40 11 30  6 36 25
 14 25  5 25 20 30 65  4 25 50 35 20]
[ 7 25 25 25 25  2 25 25  1 50  3 65 50 25 25  4 27 41 50 50  1 25 25 35
  4  5 42 11  9 46  0 25 50  2  7  6 16 30 33 34  8 25 46 37  4  9  0 50
 23  3 10  8 19 53 50 11 33  9 11 11]
[ 3 25 70 50 25  1 25 89 25 25  2 25 25 50 45  0 25 25  4 75  4 29  4 50
  2  5 50  6 10 10 10 25 50  7 50  6 15 50 50  4  7 30 50 25 11  8 25 10
  7  7  9 35 24 64 10 11 48 16  5 50]
[ 6 40 46 25  6  3 25 25 45 25  2 25 25 25 35  1 25 25  3  9  0 25 25 15
 12 11 25 35 40 25  4 50 32 35 30  5 50  7  2 82  7 50  5  7 50  8 25  8
 25 11  9 10 19 15 45 10  8 44 28 35]
[ 1 25 25 25  8  8 25 25  2  1  0 50 58 25 37  2  5 37 25 36  4 25 50  5
 20  3 48 35  9 25  7 50 25 40 43  5 46 49 17 46  6 28 28 57 25 10 58  8
 27 25  9 25 50 92 49 11 47 45  4 10]
[ 1 25 25 30 20  0 25 25 35 25  2 11 45 63 29  3 39 25  4  7  4 50 20 16
 35  5 65 29 25 21  6 25 50  1 45  7 50 45  8 20  8 50 43 35 25  9 50 40
 10  9 10 25 50 25  6 11 15 25 48 46]
[ 1 25 25 25 40  2 15 25 25 25  3  1 50 45 35  0 25 46 23 27  6 45 40  4
  8  8 50 25 34  4  5 25 20 27 11  4 35 50 25 20  7  9 48 11 25  9  2 25
 13 36 11 25  9 33 42 10 11 49 49 77]
[ 1 25 25  9 53  0 25 25 35 15  2  1 25 45  2  3 43 50 36 25  4 68 33 17
  7  5 50  4 23 79  7 25 50 50  8  6 50 50  2 45  8 50 25  4 29  9 19  2
 18 25 10 50 50 35 50 11 50 20 44 50]
[ 7 25 25 50 17  6 30 25  5 25  3 78 25  9 57  8 25 10 25 51  9 15 25 50
 27  1 25 25 49 20  5 25 30 40 35  0 70 45 38 25 10 30  5 32 45 11 50  2
  9 25  2 47 25 50 25  4 50  8 20 22]
[ 1 25 25  3 39 10 50 25 25 25  0 25 25 25 11  2 25 25 31 50  3 21 60 20
  1  4 25 50 25 25  5 15 60 30  6  6 40 35 25 30  7 30 25  7 15  9 25 21
 11 50 11 21 50 25 25  8 25 30 35 40]
[ 1 25 25  6 60  4 25 46 35  5  0 25 25  2 66  2  5 25  4 50  3  6 50 30
  3  5 25 45 25  4  6  7 49  1 57  7  7 10 50 84  8 25  6 52  6  9 43 25
 34 29 10 42 49 26  6 11 33 96 20 25]
[ 7 25 25 50 40  2 25 25 10 32  1 32 50 25 25  0 25 25 50 25  8 25  6 25
  2  3  5 50  2  1  6 41 11 19 50  4 55  5  2 33  5 50 30 15 20 10 25 11
 16 10  9  8 25 50 20 11 44 20  1  9]
[ 2 25 25  1 25  1 33 25 25 35  0 29 25 30 25  3  2 50 50 35  4 25 35  8
 34  5 35 35  5 11  8 25 24 48  2  7 25 40 25 50  9  7 42  8  2  6  4 46
 35 34 10  7 35 50 25 11 40 50 10  1]
[ 1 35 25 45 25  7 25  8  4  1  0 70 50 28 45 10 25  5  8 45  9 50 25 10
  9  3 29 35 25 20 11  7 25 69 25  2 50 25  2 37  4 33 11 30 82  8 50 48
 25 50  5 28 50  6 43  6 33  5 17 50]
[ 1 25 25 25 25  0 25 50 25 25  2 13 50 25 45  3  3 25 10 50  5 35 25 11
 50  4 50 25 20 39  6 15 50 35  8 10 32 13 25 86  8 25 15 25  1  9 44 30
 23 25  7 22  2  2 25 11 31 50  3 35]
[ 1 25 25 25 25  6 70 25 46 13 11 25  8 25 10  3 25 25  1 69  0 27 50  1
 29  2 25 49 35  4  4 25 34 45  8  5 77  8 18 77  7 50 38 67 32  8 50 50
 25 50  9 40 25 37 30 10 42 40 26 25]
[ 3 25 25 25 25  1 33 25 50  9  2  2 34 11 54  5 32 43 50 35  0 25 35 47
 25  4 40 25 27 50  7 25 10  3 25  8 25 25 15  5  6 47 35 68 60  9  5 30
 27  6 10  1 33 30  3 11  6 50 35 11]
[ 1 25 25 25 25  0 25 50  7 79 10 60  6 25  8 11  9 31 60 40  9 25 45 50
  1  7 50 25  8 28  8 25 39  1 45  2 25 50 50 45  6 25 50 25 26  3 40 35
 29 34  4 35 45 28 45  5 28 25 32 50]
[ 1 25 25 38 70  0 25 25 25 37  2 36 25 25 10  3  8 35 11  8  4 35 17 21
 50  5 35 50 50  3 10 25 33 25  3  6 50 26  8 50  7 23  7  9 50  8 50 25
 45 25  9 25 50  2 25 11 10 50 89 50]
[ 9 25  6 15 25  1 75 25 55 25  0 35 25 58 50  2 23 25 17 50  8 25 25 35
  5  7 25 25  2 75  3  7 50  1 25  4 25 25 10 40  5 40 75 11 37  6 25 30
 35 50 10 36 45  7 50 11 50 11 25 20]
[ 1 25 25 35 50  0 25 25 25  6  9 64 35 21 25  2 31 25 58 25  3  5 50 25
 25  4 57 30  9 65  5 44 30 47 20  8 68 10 50 24  6 48 50 36 25  7 49 11
 70 30 10 50 30 10 50 11 32 30 15 50]
[ 1 25 25  9 46  2  9 25 25  5  5 25 26 50 11  0 25 50  6 24  3 11 25 10
 30  4 25 31  8 41  7 35 25 50 70  6 22 50 47 10 11 25 50 45 10  8 32 35
 50 31  9 47  0 10 50 10 50 15  4 45]
[ 9 25 25 25 25 10 25  3 25 40  2 25 25 25  3  1 50 25  8 25  8 39  6 11
 35  7 99  4 17 25  4 50 25 17 45  5 32 25 69 23  0 90 50 25 20 11 10 45
 86 25  3 10 28  9 40  6 50 50 32 10]
[ 2 40 25 25 10  9 25  4 25 45  6 25 25 28 11  0 25 25 75 25  5 50 25 10
 50  7 25  1 25 92  1  8 50 50 11  3 50 59 50 37  4 25 33  2 50 10 50 10
  8 50 11 54 50 45 30  8 50 50 62 37]
[ 1 30 25 25  2  2 10 53 25 25  3 25 25 35 50  0 25 25 25 48  4 47 28 24
 40  5 50 33  6 62  6 21 33 25  6  7  2 39 15 50  8 48 50 11 25  9 50 50
 35  8 10 50 44 26 50 11 95 25 24 10]
[ 1 45 25 25 25  6 25 25 54 25  3 25 50  3 20 11 25 25 50  4  7  3 66 11
 25  0 25 25 55 57  2 29 50  8  2  4 33 37 35 53  5 33 37 27 15 10 37 46
 50 10  8 25 45 60  3  9 58 10 15 25]
[ 1 25 25 25 86  0 50 25 10 25  2 15 25 43  3  3  7 50 25 45  4 25 45 35
  6  6 25 50 25 25  8 43 25 49 10  5 50 27 25 23  7 25 60 56  4  9 45 50
 40  3 10 50  5 10  1 11 50 19 11 50]
[ 2 25 40 25  2  1 25 50 25 25  0 25 25 25 46 10 25 25 50 33  4 25 26 35
 35  3 25 45 50 25  8 30 16 25  4  5 31 30  2 23  6  4 35 11 35  9  2 20
 37 49  7  8  0 17 70 11 50  0 25 69]
[ 5 25 25 48 45  3 25 25 10 25  1 25 25 57 30  0 45 25 15 10  2 47 50  7
 45  4 25 35 25 50  6 38 60 47 25  7 50  0  6 47  8 25 40  1 35  9  7 40
 50  7 10 25 25  1 25 11  0 40 19  7]
[ 1 25 25 37 11  0 25 25 35 11  5 25  1 30 25 10 25 25 27 25  2 27 50 11
 35  3 10 50 98 25  4 26  6  9 50  9 32  8 28 35  6 50 50 35 20  7 50 30
 17 50  8 25 11 42 25 11 30 39 39  5]
[ 2 50 25  5  3  3 25 25 35 50  4 25 50 60 25  6 25  6 25  4  1 25 25 29
 46  7 35 30 34 60  0 50 35  9 50  5 50 26 25 50  8 26 50  1 25  9 75 25
 30 25 10 15 53 63 25 11 43 45 50 35]
[ 1 25 50 25 44  6 25  9 25 50  0 35 25 25 25  4 25 29 25 44  2 50 25 25
 25  3 15 50 10  2  5 41 50 19 35  7 68 50  7 10  8 46 28 30 33 10 49 20
 34 50  9 41 40 20  9 11 50 43 50  8]
[ 2 25 25  2 37 10 25  7 25 35  1 25 25 25 25  0 25 75 25 51  3 46 25 45
 11  4 50 25 50 25  8 30 36 11 50  9  6 53 50 70  7 25 24  5 50  6 50  6
 10 82  5 15 58 37 40 11 10 50 25  5]
[ 6 25  3 25 25  1 25 25 25  9  4 43 25 25 35  3 50 25 20 70  0 25 25  3
  4  5 33 50 50  1  7 13 30 35 25 11 25 10 50 55  8 75  6  5 50  9 45  6
 25 50 10 35 11 25 30  2 50 25 35 29]
[ 2 30 25 34  1  3  1 26 25 45  1 25 25 40 43  8 75 25 70 25  0 25 25  8
 69  4 25 50 35 30 11 25 50  9 45  5 36 43 17 27 10 25 50 35 11  6 18 23
 18  5  7 28  4  8 10  9  2 35 38  8]
[ 1 25 25 25  9  5 25  1 60  4  4 25 25 50 55 10 25 31 50 24  0 25 25 10
 45  3 25 25 50 70  2 20 50  9 46  6 29 25  1  3  7 53 50  1 40  8 50 69
  5  9  9 20 35 40  6 11 40 30 10  7]
[ 1 25 25 25 25  0 25 25 35 50  4 25 30  6  5  2  5 50 34  4  6 74 25 50
  6  8 25  5 43 50  3 50 25  7 35  5 40 25 43 53  7 61 31 58 35 11 87 25
 25 50  9 33 33 49  5 10 25 38 50 35]
[ 1 25 25 25 75  0 25 25 25  3  2 25 45 25 25  3 15 25 50 25  4 25 25 20
 33  5 50 45  3 25  6 18 25  7 50  7  7 25 27  2  8 25 35 45 25  9 35 11
  1 60 10 14 30 43 39 11 22  8 60 33]
[ 1 25 25 50 25 11 25 10  2  8  7 27 25  7 25 10 25 25  3  6  8 25  7 25
 50  5 30  5 44  7  0 25 25 35 40  2 39 50  2 31  6 35 36 25 42  4 50 20
 55  9  3  6 25 50 45  9 15  8 10 30]
[ 1 50 25 50 25  0 25 25 50  1  7 25 25 25 46  6 25  8 25 25  4 25  4  1
 43  5 37 31 23 25  8 49  6 23  7  2 54 50 25 20  3 45 50 11 12  9 11 13
 82  4 10  7 55 35 26 11 86 50  4 10]
[ 0 31 25  2 11  7 25 25  6 62  1 11 40 50 54  6 44 48 16 25 10 25 25 18
 50  2 26 43 40 25  3 31 28 50 25  8 35 40 35 30  5 25 49 43  9  4 25 10
 21 75 11  8 28 17 64  9 35 20  2 50]
[ 1 25 40 50  1  6 25  1 25 25  0 30 25 25 25  4 46 25 49 25  2 50 25  5
  8  3 43 25  4 50  5 11 50 50 45  7  1 26 42 25  8 25 15 21 11  9  7 70
  4 43 10  7 50 48  9 11 20 35 75 49]
[ 1 25 50 32 25  4 25 25 35 10  0 25 25 45 25  2 22 25 25 50  3 27 50  9
 27  7 33 32 50 60  5 25 30 50  9  8 38 46 18  9  6 25 39 30 16 11 25 47
 25 25  9 29 25 74 22 10 46 47 14 45]
[ 1 49 25 44  9  0 25 25  6 25  9 25 25 24  1  2  3 25 11 50  3  9 34 25
 57 11 25 10 25  8 10  7 30 25  2  6 25 50 35 25  4 25 49 41 21  5 47 36
 13  3  7 50  8  1 25  8 45 25  5 50]
[ 1 25 25 25 50  9 39 40 46  1  0 25 25 25 25  2 15 25 48 25  3 25 50 50
 45  4 41 43 20 45  5 26 30 50 44  6 50 11 10 10  7 10 21 15 25  8 50 43
 50 48 10 30 41  9 40 11 53 50 50 50]
[ 1 75 25  6  2  7 25  3 25 20  9 25 39 19 64  2 25 50 25 25  0 85 50  4
 33  3 50 48  9 50  8 50 25 10 40  4 25 25 46 45  6 33 30 21 25  5 36 50
  6 34 10 10  5 23 10 11 35 57 60  6]
[ 2 25 25 47 25  5 25 50 50  5  1 25 25 26  9  3 25 50  7 25  0 50 41 25
 45  7 25 30 25 27  6 40 73  8 30  4 25 33 25 50  8 25 38 40  8  9 50 25
 25 14 10 48 25  8  9 11 50 74 50 11]
[ 1 25 25  4  2  6 25 25 32 25  0 26 25 11 50  2 10 25 25 25  5 50 11 10
 64  3 25 45 25 40  8 25 30 49 46  4 25 30 60 10  9 39 50 46 11  7  5 50
 50 10 10 50 25 11 10 11 15 35 25 25]
[ 1 25 25 25 39  0 25 25 35  1  2 15 25 25 33  3 25 35 26 30 11 25 25 10
 25  4 58 25 44  5  5  9  9 14 25  7 25 49 45 21  6 35 13  4 47  9 40  8
 30 11  8 25 74 25 34 10  2 43  5 30]
[ 2 25 25 50 37 11 25 25 25 50  9 25  1 25  1  1 25 25 25 27  4 64 47 21
 26  8 25  9 39 35  0 25 50 35 48  3 40 60  5 48  7 50 25 25  2  5 50 43
 20 15  6 35 17 40  3 10 28 13 32 50]
[ 1 25 25 35  1  0 25 25 25 50  2 10 30 25 50  3 42 25  4 25  4 25 30 43
 25  9 25 86  1 25  5 33 50 25 10  6 23 45 43 31  7 31 45 23 50  8 45 10
 23 22 11 25 50 11  7 10 25 31  1 30]
[ 1 25 25 50 25 10 25 36 25  1  2 10 50 25 44  0 25 25 25 50  3  2 50 92
 45  4 25 30 37 30  9 45 25  8 25 11 11 37 28 25  6 25 49 12 32  5 50 49
 10 21  7 38 50  1  5  8 25 28 25 49]
[ 1 25 25 50  2  0 30 25 30 35  2 25 27 25  4  6 25 25 47 58  3  5 36 10
 34  4 25 50 33 25  5 23 15 20  9  7 37 11 25  1  8 28 30 67 10  9  8 40
  2 50 10  3 40 25 50 11 26 38 15  4]
[ 1 50 25  2 70  0 25 25  1 25  4 25 33 15  3  2 50 25 10 25  3 43 25 10
 50  5  2 36 47 25  6 14 50 44 25  7 23 20 20 54  8 35 16 46 88  9 46 30
  4  8 10 11 38 46 11 11  6 49 56 85]
[ 7 25  7  1 50  9 25  5 25 40  5 50 50 25 55  1 50 25 40 25  0 35 38 25
 25  3 26 25 25 25  2 37 54 23 40  6 40 49 20 46  4 45 18 50 25  8 25 44
 35 10 10 40 50 33 40 11 38 25 25  4]
[ 1 25 25 43 50  0 25 25 25  1 11 25 10  2  9  9 25 50 50 49  2 33 25 25
 25  3 50 25  9 45  4 25 52 45 25  5 50 45 35 20  6 50  5 25 16  7 31 21
  2 64  8 25 32 23 11 10 40 20 26 50]
[ 3 25 25 29 40  2 25 25 25 50  1 25 25 35 10  9 25 25 33 50  8 25 50 25
 25 10 23 25 25  1  0 25 25 25 43  4 45 23 25 42 11 33 50 25 84  6 32 30
 50  3  7 45 33 25 50  5 35 11 25 59]
[ 1 50 44 25 50 11 57 25 25 25  2 40 25 50  1  6 74 25 50 25  0 25 25 50
 41  3 25 26 25 44  4 25 21  2 38  5 38 21  5  6  8 25 50 35 84  9 25  7
 50 50  7  8 45 10 43 10 50 43 25 11]
[ 2 50 25 17 20  4 25 30  2 49  0 50 25  3 25  1 11 50 75 45  3 25 45 20
 25  8 25 34 37 49 10 25  5  4 43  6 29 50 50  1  5  4 50 50 25  7 44 25
 30 25  9 36 30  4 45 11 60  5 11 26]
[ 1 25 25 25 10  3 40 25  2  2  0 25 25 35 25  2  3 46  7 47  4 25 25 48
 35  5 67  6 22 25 10 25  8  7 25  6 43 31 42 93  9 37 35 41 50  8 25 15
  7 50 11 50 31 37 50  7 50  7 43 50]
[ 1 35 25 50 25  0 25 25 43  1  2 25 50 25 86 11 25 10 25 47 10 25 46 35
  9  9 25 40 35 35  8 25 35 35 12  7 50 58  3  6  6 50 30 26 20  3 15 25
  1  7  4 26  2  6 77  5  5 25 48 35]
[ 1 32 40 25 40  5 25 35 25 25  2 25 25 25 10  0 25 25 42 50  4 50 30 10
 20  9 50 36  4 25  3 35 50  9 50  6 26  4 44 15  7 44 10  8  7  8 35  9
 25 27 10 30  6  8 64 11 11 51 62 30]
[ 8 25 25 40  7  9 25 32 35 25  1 25 25 40  1  4 25 25 50  3  0 25 25  3
 11  3 25 50 50  4 11 50 25 37 25  2  8 35 50 60  5  7 28 35 42  6 11 50
 50 27  7 26 43 25 27 10 25 50 45 50]
[  1  45  25  25  11   0  25  25  37  25   2  25  36   8  50   3  10  25
  10  38   4  25  10  61  30   5  50  40   9  25   6  50  26  11  60   7
  26  10  25   8   8  25  25   9   1   9  50  27  33  75  10  48  41   1
  50  11  14  41 100  11]
[ 1 40 25 25  9  0 25 58 10 50 11 25 25 40 50  5 25 50 45 35  4 50 25 25
 25  2  8 34 33  9  3 43 25  9 45  6 35 31 50 39  7 50 45 69  2 10 25 40
 35  8  8 25 18 35  8  9 10 50 50 25]
[ 1 25 25 75 25  8 49 25 25  1  2  9 50  4 50 11 25  3  2 25  0 50 25  8
 70  3 25 50 10 16  5 48 49 33  2  4 25 25 11  4  6 50 25 35 23 10 25  7
 35 22  7 27 57 75 35  9 45 10 11 50]
[ 1 25 25 25 45  0 25 25 21 32  2 25 25 45  8  3  4 61 45 25  7 25 41  4
 50  4 25 12 35 83 11 25 46 30 25  5 25 25 49 26  6 39 41 21 26  8 25 50
 50 50  9 47 10 27 25 10 35 35  9 32]
[ 9 25 12 25 35  1 50 25 25  6  0 82 31 38 35  2 50 25 75 25  5 50 25  2
  1  3 15 60 45 26  4 25  7 56 44  6 15 44  5 50  8 57 47 25 41  7  1 21
 14 40 10 13 50 72 25 11 64 21 40 96]
[ 0 25 25 35  2  1 50 25 25 67  2 40 25 25 25  3 25 50 25  1  4 25  2 35
 50  5 25 29 25  7  6  3 36 12 15  7 22 44  8 25  8 26 10 37 21  9 46  6
  1 10 10  5 16 50 37 11 50 35 66 50]
[10 25 25 50 25  1 40 25 25  5  2 50 25  7 35  0 44 25 20 70  3 22 25 50
  2  4 25 50 60 25  5 50  7 35 50  6 50 27 23 11 11 60 25 50 31  7 39  1
 25 28  8 50 48  9  9  9 43 50  6 45]
[ 1 25 25 25  2  0 25 50  9  9  2 45 50 40 11  3 50 50  8 45  4 25 14 45
 45 11 40 25 25  4 10 50 69 75 50  5 35 32 25  6  6 39 35 25  7  7 31 45
  7 35  8 74 10 62 40  9  5 14 34 50]
[ 1 25 25 41  2  0 25 25 35 50  2  1 27 25 50 11 25 25  2 25  3 25 30 25
 25  4 25 45 25 54  5 15 30 21  4  6  3 35  3 20  7  3  4 22 35  8 50  8
 23 35  9 15 43 26 50 10  8 20 35 68]
[ 1 25 25  8  6  0 25 25 25 69  2  6 25 25 36  3  6 40 49 55  8 25  4 10
 22  9 25 25 50 50 10 40 25 30 10  4 35 49 43 21 11 45 50 50 50  5 43 33
 14 37  6 22 16 19  5  7 43 50 44 38]
[ 9 25 25  3 25  1 48 25 50  4  0 25 25 44  3  6 25 25 25 20  2  0 25  7
 68  3 10 30 25  6  4 25 78  8 26  5 50 43 10  7  7  4 45  3 25  8 50  3
 35  6 10 15 10 24 44 11 25 38 92 50]
[ 9 50 25  3 86  1 32 25 25 30  2 40 25 11 50  0 50 25 10 25  3 21 25 45
  2  4 25 62 25 25  5 15 35 50 30  6 30 25  6  7  7 25 25 25 52  8 25 42
 35 25 10 50 11 10  3 11 25 32 35 50]
[ 0 25 25 50 70  1 45 25 25 27  2 35 25 50 14  3  9 50  1 25  4 25 50  1
  1  6 25 25 19 28  5 25 50 35  6  9 50 25 60 25  7 40  6 50 80  8 25 10
 35 25 10  1 11 10 40 11  2 50  3 44]
[ 1 50 25  5 50  0 25 25 50  2  2 50 50 20  3  3 35 25 25 50  5 25 50 56
 25  6 46  8  9 37 10 25 30 11 25  4 25 16  9 50  7 31 30 50  3  8 35  1
 10 13  9 11 25  2 24 11 45 22 74  6]
[ 6 25 50 25  1  2 75 34 10  9 11 25 48 28 50  3 33 86 17 25  5 50 25 34
 25  7 50 50 50 43 10 25 25 60 23  4 35 26 50 40  1 25 25 31 25  8 50 47
 11  7  0 50 34 10 37  9 36 50 36  2]
[ 1 25 25 25 25  0 25 46  7  5  4 25  6 37 25 11 25 50 45 50  2  5 50  1
  4  3  9 25 28 70 10 25 84 25 50  8 25 50 45 50  9 35  3 15 27  7 81 50
 38 33  5 50  4 29 95  6 44 50  7  2]
[ 1 25 68  4 50  0 25 25 25  8  2 10 50 25 35 11 25  3 25 98  3  1 25 83
 50  4 50 37 10 25  5 29 50 35 33  6 29 40 25 54 10 25 49 30 85  7 50 30
 50 45  9 50 38 10 50  8 57 50 28 50]
[ 2 25 35 25 10  1 67 45 25 41  3 25 50 30 25  5 25 50 50 45  4 25 20  8
 25  0 33 25 60 60  6 40 41 45 11  7 50 30 50 65  9 45 50  9 64  8 45  8
  8 30 10 35 50 10  5 11 10 25 40 60]
[ 0 25 25 50  2  7 25 25 35 16  1 50 25  3 53  2 25 25 50 37  9 25 25 50
 37  3 55 25  3 45  4 25 10 25 50  5 50 33 35 37  8 25 15 35 30  6 50 18
 10 46 10 40 25 25  4 11  6 29  8 10]
[ 1 50 25 25 10  2 10 35 25 50  0 25 40 55 25  3 16 25 50 50  4 39 20  8
 11  5  2 35 25  6  6 41 31 44 25  7 50 30 25 50  8 25 25  1 50  9 25  4
  1 25 10  1 16 78  6 11  4 22 46 25]
[ 1 50 25 24 25  2  9 50  7 25  3 25 25 25 37  0 25 33 25 43  4 50 50 25
  5  5 50 30  6 50  9 25 10 25 25  6 35 25 32 58  7 35 17 11 35  8 50 10
 10 31 11 25 64 25 49 10 10 35  8 54]
[ 7 25  6 25 25  2 25 25 45 26  1 25 50 25 25  4 25 25 25 37  0 25 50 35
  4  3 50 25  8 77  5 15 25  1 46  6  6 30 54 25 10 44 10  1 84  8 25 17
 25 25  9  1 44 78  3 11 25 90 50 15]
[ 2 25 25 28 25  8 25 50 25 50  9 15 25 50 10  1 25 25 25 30  0 25 25 35
  1  3  0 50 30 25  4 25  4 10 91  5 35 50  8 10  6 10 10 25 50  7  6 30
 50 50 10 44 35 25 25 11 34 35  1 92]
[ 2 25 25  3 61  1 25 25 35 50  0 25 25 25 25  3 60 25  1  5  8 25 25 57
  9  4 25  5  3 50  5 11 36 49 34  6 25 41 11 37  7 50 10 13 50  9 11 43
 45 40 10 21 33 25  7 11 25  5 23  6]
[ 2 25 45 25  2  7 25 25 50 30  1 25 25  7 50  3 30 25 50 45  8 25 40 25
 25  5 25 46 50 25  0 25 25 35 70  9 15 50 29  6 11 35 10 24 45  6 40 50
 20 30  4 50 50 10 42 10 25 50 45 75]
[ 1 25 25 75 25  0 25 80  3  1  7 25 25 11 41  2 50 50 32  6  8 25 25 50
 25  3 47 25 65 50  4 55 32 30 38  6 50 37 10 25 11 25 22 25  1  5 50 49
 35 10  9 11 50 62 25 10 38 14 12 50]
[ 9 25 25 44 25  1 25 35 50 25  0 25 50 25  9  2 40 25 60 25  3  6 50  1
 28 10  8 50 15 43  4 25 36 50 34  5 40 50 25 20  6 30 20 11 10  7 43 10
 25 36  8 25 44 35 10 11  4  9 43 50]
[ 1 25 25 35 25  0 44 25  9 58  2  1 50 25 45 11 29 10  9 25  3  5 35 50
 41  8 25  2 20  5  4 45 38 17 25  5 50 50 35 45  7 38 31  3 25  6 50 31
 23  9  9 10 18 40 92 10 15 77  4  7]
[ 1 25 25 50 33  2 40 25 10 25 11 43 25 46 20  0 25 25 35 25  3  7 50 40
 42  4 25 25  9 26  5 11 50 45 45  8 25 25 21 17  6 21 13 21 40 10 25 25
 25 35  7  9 47 25 23  9 11 50 49 50]
[11 25 25 25 25  0 25 25 36 10  4 26 62 25  2  1 25 35 24 25  2 14 25 96
 25  3  3 50 25 45  8 25 19  6 75  5 30 15 35 25  6 20 40  1 25  9  6 40
 50  9  7  0 50  6 10 10 45 84  7  2]
[ 8 50 25 50 25  1 25 25 27  9  0 25 25 10 30  2 10 34 10 25  5 25  2 20
  6  4 25 10 50 19  3 25 25 50 15  6 15 50 70 20  7 50  7 25 75  9 50 50
  3 84 10 50 30 25 49 11 40 25 10  1]
[ 1 25 25  7 40  3 25 25 10 25  0 30 25 30 45  2 35 25 25 50 10 25  2 25
 13  4 25 25 50 33  5 40 25 30 22  6 50 30 16 50  7 31  9 25 50  8 25 13
  2 25  9 32 13 28 32 11 43 50  1 50]
[ 5 34 31 50 60  6 50 50  8 45  1 58 25 49  5  4 25 11 25  2  9 25 46 45
  7  0 50 25 43  7  7 35 29 40  7  3 25 30 35 44  2 10 50 50 10  8 35  0
 34 46 10 45 50 40 71 11 50 36 30 61]
[ 1 25 25 25 11 10 25 25 37 30  4 46 25 37 43  3 25 50 40 45  2  0 36  4
 25  0 50 25 10 45  5 48 12  6 29  6 13 41  1 92  8 25  2  9  5  7 43 50
  2  5  9 49  2 37 23 11 27  5 16  6]
[ 5 25 25 25 50  1 50 25 50 25  3 25 50  7 25 11 25 25 25 25 10 25  3 24
 11  0 68 25  1 45  6 49 25  1 25  9 25 30 44 77  4 35  8 10  7  2 35 50
 25  8  7 14 50  9 47  8 25 47  8  9]
[ 1 25 25 50  7  0 33 50 48  7 11 25 30 25  1  4 26 12 25 49  6 30  9 20
  6  8 25 16 11 50  7 25 25  7  1  5 40 20 45 25  2 75 35 10  1  9 29 11
  4  8  3 15 25 25 10 10  4 25 31  5]
[ 2 25 25 50  1  6 25 45  9 11  7  5 10 25 25 10 25 11 50 25  9 50 25  7
 30  1 50 25 10 35  0 30 30 55  2 11 51 20 25 57  3 50 25 25  2  8 25  3
 25  5  4 50 46 35 43  5 50 15 25  7]
[  3  50  25  26  40   2  25  25   2  25   1  34  50  25  25   0  25  25
   1  25  11  25  25  25  25   4  25  30  40  25   7  29  25   4   1  10
  25  45  29  25   5  30  49   7   1   6   3  30  43  40   8  25  10  44
 100   9  34  29  26   6]
[ 4 25 25 25  4  1 25 25 42  9  0 35 25 25 25  2 25 34 25 25  3 15 25 47
 25  5 17 25 41 35  7 25 13 70  7  8 75 25 24 25  6 38 14 20  1  9 27 45
  9 50 10 37 10 78 35 11  3 45 28 40]
[ 1 25 25 64 25  3 25 59 25 25  4 35 44 25  6  5 25  7 10 45  0 38 25 22
  8  2  6 50 25 33  6 52 44 22 26  7 39 50 35  8  8 30 30  9 74  9 25 11
 37 40 10 27  6 25 25 11  1 31 58 42]
[ 4 25  3 10 25  1 25 25 25  4  0 35 25  2  8  2  5 45 60 50 10 25 50 36
 11  3 30 50  4 50  5 50 50  5 11  6 29 75  5 20  7 38 60 11 32  8 35 35
 43 22  9 50 40 10 82 11 26 50 35  1]
[ 1 25 25  7 25  2 25 25 50 25  0 49 30 11 25  3 25 50 25 25  4 35  4 14
  6  5  4 25  4 35  9 25 25 50 15  6  3 41 11 29  7 25 30 58 50  8 50 50
 34 43 10 14 40 50 50 11 29 35 37 41]
[ 1 25 25 25 25  0 50 25 10 25  6 25 53 25 25  2 35 25 11  7  3  2 32 25
 25  4 42 25 36 50  5 43  6 29 43  7 45 11 50 59  8 34 50  3  5  9 12 36
 29 50 10  8 47  2 82 11  2 33 25  9]
[ 1 25 25 50 25  6 25 10  7  1  0 25 25 35  9  9 40 25  5 25  2 50 45 35
  3  3 45 48  6 47  7  1 25 27 25  5 64 50 35 45  4 25 89 25 30  8 50 37
 25 27 11 58 43 31 71 10 26 50  6  8]
[ 1 25 25 60 25  0 25 25  2 25  2 25 50 25 25  3 15 44 82 51  4 25 45 25
 25  5 44 30  1 25 11 40 43  5 50  6 44 50 34  1  7 48 50 50 14  8 25 25
  5 28  9 44 72 25 50 10  8 50  2 22]
[ 1 25 25  1 48 11 50 50 25  4  4 35  9 15  1  0 50 25  7  8  2 33 75  5
  1  3 25 25 49 28  5 75 24  3  3  6 13  4 45 20 10 25  2 24 46  7 14 24
 43 60  9 25 41 35 10  8 25  7 11  7]
[ 2 50 25 35 28  1 25 25 58 46  0 25 25  1 25  3 50 25  9  1  4 45  9 15
 25 10 40 25 25 25  5 25 26  3  6  6  1 26  8 35  9 25 50 19  7  8 25  4
 46 46  7 50 17  1 25 11  6 50  6 25]
[ 1 25 25 64  2  0 50 25  1 67  4 50 47 25 11 11 25 25 25  5  2 25 45 50
 18 10 65 30 50 25  3 40 25 53  3  9 25 30 43  2  5 40  6 20 58  8 25 11
  6 50  6 25 50  8 11  7 25 50 65 20]
[ 1 25 25  7 25  9 25  4 25 50  0 25 45  6  1  8 25  1 25 25  2 50 25 75
 25  3 25 50 25 55  4 50  3 10 10  7 50  9 10  7  5 50  0 25 11  6 25 31
 35 25 10 22 46 63 25 11 50 91 50 39]
[11 25 50 25 84  8 25  0 25 17  1 48 25 41 16  0 25 25 30 62  2 50 41 35
 50  3 50 25  2 10 10 25 48  8 43  4 50 42 29  9  9 28  6 22 35  7 25 46
  6 20  5 50 60 16  2  6 31 45  9 30]
[ 1 25 25 25 86  0 25 25  8  8  5 50 25  4  5  3 25 25 35 25  2 50 25 10
 35  4 25 51  1 22  6 15 30 62 25  7 50  6 20 50  8 25 45 11 25  9  4 25
  6 25 10 25 30 25  8 11  5 38  9 25]
[ 1 25 25  9  3  0 25 25  6  3  4 25  4  6 44  2  7 25  5 30  3  6 46  1
 27  5 51 20 25 25  6 50 35 35 40  7 50 50 15 25  8 25  8  9  1  9 20 11
 40 40 10 25  4 25  8 11  7 30 46  1]
[ 4 25  2 25 25  1 25 25 50 25  7 25 40 63  9  8 44  2 25  1  0 50 25 10
 28  2 10 50 36 45  3 45 25 54 11  5 25 48 20  1  6 65 49 25 21  9 50 45
 35 43 10 50 11 15  3 11 46 35 37  6]
[ 1 25 25 50 25  6 35 40 15 44 11 25 25 15  6  0 54 50 46 45  2 30 50 11
  1  3 10 25 15  2  8 25 25 50 35  4 26 50 35 10 10 25 43  9 11  5 26 50
  6  4  7 85  4 15 37  9 44 25  4 46]
[ 1 25 25 40  1  2  9 26 11 37 11 25 19 25 25  0 25 25 35 50  3 40 25 25
  7 10 25 50  4 25  4 50 30 25 25  5 50 18 17 50  7 50 50 11 77  6 32  4
 45 50  8 25 50  8 84  9 50 25 10 10]
[ 1 25 25 25 25  0 25 25 32 69  2  9 50 25 45  3 25 25 25  9  4 25 50 37
 34  5 27 30  4 50  6 10 50  8 45 11 25 11 25 25  7 50 11 35 25  8 35 55
 45 11  9 45 50  2 11 10 50  4 10 30]
[ 8 25  1 25 25  1 25 25 20  2  7 25  9 25  6  2  7 35 25 25  0 30 25 25
 30  3 50 25 20  5  4 50 10 25 25  5 47 75 25  9  6 88 75 50 20  9 60 39
 25  7 10 69  0 43 13 11  5 46 48 50]
[ 1 25 50 25 25 10 25 25 25 50  9 25 25  3 30  8 25 48 10  9  4 25  8 25
 50  7 26 50  6 25  0 50 25 25 10  2 41 25 25 25  3 12 50 51  6  5 15 11
  5  3  6 34  9 13 61 11 25 74  1 11]
[ 1 25 50 25 25  2 25 25 51 50  0 33 25 25 50  6 40 30  3 25  3 41 45  1
 55  4 25 30 22 25  5 25 30 50 50  7 42  7  2 60  8 25 10 35  8 11 25 33
 51  2  9  8 52 50 55 10 23 35 33  4]
[ 2 25 25  4  1  6 50  2 35 50  7 50 50 32  5  1 25 25 35 50  0 35 25 25
  1  3 50 25 25 25  4 25 50  7  8 11 41 10 25 10 10 65  7 11 35  5 10 35
  1 50  8 35  5 10  6  9 50 46 25  1]
[ 1 25 25  9 25  0 25 50 84 25  2 39 25  7 45  3 25 25  4 50  4 32 30 45
 50  5 50 30 25 25  8 25 50  7  5 11 25  8  9 35 10 25 25 25 25  6 40 50
 20  7  7 34 35 51 10  9  4 35 56  4]
[ 8 25  1 14 50  1 36 25 25 10  0 25 25 25 10  2  1 35 25 11  3 45 25 27
 10  4 39 25 40 33  9  7 13  9  3  5 44  7 42 43  6 49 50 30 45  7 44 25
 50  9 10 10 50 70 30 11 75  2 44 50]
[ 1 25 25  5  5  0 25 25 25 25  6 25  3 11  5  9 25 25 25 11  8 29 30 25
  7  2 68 50 17 11  3 50 25  1 50  4 25 13  1 43 11 25 27 13 75 10  1 36
 51 68  5 50 38  8 25  7 10 43 25 29]
[11 25  2 25 25  2 25 25 25  1  1 25 25 25 25 10 25 44 50 25  8 25 25  4
 10  7 50 25 29  6  9 36 25 24 84  6 48  2 37 45  0 50 25 10 60  3 50 50
 60  7  4 40 35 10 29  5 50 38 32 25]
[ 1 26 25 34 29  0 25 25 36 25  2 25 45 50 10  4 49 10 25  2  3 48 25 25
 36 11 25 44 25 40  5  5 12 25 30  6 45 10 38 65  7 48 16 40  4  8 25 10
  4 37  9 50 11 30 25 10  5  9 10 11]
[ 2 25 25 45 25  0 25 25 25 25  1 25 30 35 25  3 25 50 25 25  4 28 25  5
  8  5 10 23 10 44  6 12 75 40 20  7  6 35 23  8  8 50 28 27 50  9 50 50
  8 20 10 65  6 30 44 11 50 50 54 56]
[ 8 50 40  9 25  1 45 25  7  4  0 25 25 25 15 10 25 50 25 71  7 25 25 25
 25  5 25 50 47  1  9 24 25 25  2 11 33 25 27  1  6 37 44 19 48  4 50 50
 10 20  3 44 25 50  2  2  8 29 15 45]
[ 1 50 25 25 25  6 25  5 25  7  4 25 25 43 50 11 25 25 11 43  2 50 34 25
 50  5 33 25 48 56  3 40 53 35  1  0 25 45 25  4  7 44  9  8 25 10 35 36
 23 57  8 25 65 41  1  9 46 45  7  4]
[ 1 25 25 25 25  3 25 25 43 26  8 25 25 40 25  2  2 50 28 25  4 25 33 50
 37  0 25 25  4 33  5 40 30 16 30  6 33  2  7 43  9 25 50 25 16 10 37 41
 25 25 11 27 11  6 53  7 33 35  9 44]
[ 4 25 25  6  5  2 25 25 92  9  7 52 25 25 27  6 25 25 30 10  9 25 15 25
  3  1 25 25 35 50  8 25  8 35  8  3  0 34 98  3 10 41 50 44 58 11 50 11
  5 10  5 50 44 28 39  0 38 25 22 30]
[ 1 25 25 25  9  2 10 34 49 26  7 25 62 25 35  0 25 25 35 45  3 24 25 25
 50  6 50 30 50  5 10 25 60 50 50  9 50 35 35 25  4 25 50 10  4  8 26 10
 25 14  5 50 15  9 22 11 50 11 33 34]
[ 1 25 40 25 45  0 35 42 25  3  2 15 50 25 36  3 33 47 25  7  4 25 50 50
 25  5 40 40 10 25 11 25 51  1 25  9 49 27  3 50  6 44 44  3  8  7 12  9
 25 10  8 28 30 45 45 10 17  8 16 28]
[ 1 25 25 71 25  0 25 47 25 10  2  5 50 50 45  3 25 50 63  4  4 25 22  3
  4  5 25 33 15  6  6  8 50 25 43  7 30 45 35 10  8 43 10  4 25  9  3 35
 11 12 10 37 84 50 44 11  2  7 28  6]
[ 1 25 25 50 25  0 25 40 35 48  4 25 43 25 50  2 41 25 10 50  3 25 25 35
 25  5 50 20 26 50  6 41 30 25 25  7 31 50 50 25  8 25 48  1 60  9  9 48
 30 25 11 25 30 25 35 10  4 28 11 86]
[ 1 25 25  2  3  0 25 25  6 25  2 50 25 25 22  7 25  5  9 28  3 34 47 33
  9  4 25 25 70  4  8 34 25 92 25  5 23 50 43 20  6 44 35 79 25  9 71 50
 14  7 10 50 50  5  9 11 25 15 65 15]
[ 4 25 25 15  3  9 25 40 50  7  1 25 25 60 45  5 10 25  1  4  0 45 31 15
 39  2 50 25 40  2  8 50  1 50 39  3 20 41 45 54  7 25 50 25 33  6 30 50
 30 35 10 15 47  1 25 11 25 38 89 50]
[ 1 25 25 50 25  0 25 25 25  2  2  1 50  1 25  9 50 64 25 41  3  3 50  2
 30  4 25  2 17  3  5 10  1 11 35  6 30 35 45 60  7 40 49  8 11  8 45  2
 55  2 10 40 50 45 44 11 54  8 11 25]
[ 4 25  8 25  9  1 25 25 19 25  2  1 50 25 45  3 25 44 75  9  0 50 25  4
 35  5  8 17 26  7  6 44  2 16 10  7 25 35 59 11  8 25 50 27 44  9 17 25
 43 40 11 25  8 84 60 10 25 26 35  4]
[ 1 25 25  3 25  0 25 25 25 20  2 25 50  5 44  3  1 45 25 25 10 25  6 25
 16  5 50 25 10 54  4 25 10 25  3  6 50 35  9 45  7 24 25  2  3  8 50  7
 25 25  9 31 50 45 11 11  6 35 78  7]
[11 25 25 35  3  4 50 25 45 25  1 30 50 25 20  3 25 25  9 37  0 25 25 25
 25  2 20 25 40 37  8 25 16 60  2 10 25 25 35 25  5 50 50 25  4  6 40 17
  7 10  9 36 73 50  7  7 50  7 33 40]
[ 1 25 25 25 25  0 31 25  5 10  2  7 50 46 25  3 25 31 50 58  4 25  7 25
  8  5 35 30 25  3  6 11 33  1 35  7 16 50 36 25  8 25 30  4 92 11 25 30
 10 82  9 33 50  6 74 10 10 23 41  1]
[11 25 25 50 25  1 25 25 25 30  0 25 25 25 45  2 15 48 40 40  3 25 50 25
  2  4 25 35 50 50  5 45 43 10 28  6 25 86  2 25  7 50 11 10 50  9 25 40
 30 16  8 25 40  9 25 10 50 30 10 94]
[ 9 25 25 45 25  1 25 25 25  1  0 45 25 15 40  2  4 26 53 50  3 50 33 37
 50  4 25  2 20  6  5  1 30 15 14  6 50 50 35  8  7 50 38  6 50  8 50 35
  6 11 10 49 30 34 35 11 48 43 50  6]
[ 1 25 25 25 25  5 25  7 28  6  0 25 25 20 54  4 25 34 45  7  3 65 25 10
 58  6  8 25 45 50  7 18 75 60  7  2 25 50 25 20  8 41  3 37 25  9 75 30
 11 20 10 25 30 15 49 11 30 37 36 43]
[ 1 25 35  5  4  6 25 25 10 25  8 25  2 25 46  0 36 50 33 35  2 75 48  1
  8 10 25 45 25 25 11 25 20 25 50  5 25 62 45 24  3 41 25 39 44  4 50 40
 25 22  7 50 77 44 23  9 46 41 14 40]
[ 8 25  1  8  1  1 25 25  9 45  7 48 25 25 50  0 25 29  6 25  2 25 50 50
 25  4 75 50 10 35  3 40 25 25  9 10 25 50 25  1  9 45 64 25 70  5 50  4
 10 50  6 25 75 35  7 11 35 35 50 50]
[ 1 25 45 25  2  9 35  8 15 32  0 25 25 35 48  2 43 50 42 45  3 50 25 25
 38  4 25 28  8 10  5 50 10 28 50  6 43 50  2 20  7 50 18  7  7  8 55  3
 15 54 10 10 40 11  5 11 50 47 25 53]
[ 1 25 25 25 25  3 35 25 25  2  0 25 25 25 11  8 25 25 37  4  2 50 25 20
 20  4 25  8 50 55  5 40  8 69 35  6 35 43 10 25  7 10 44 26  7 10 35 50
 30 50  9 37 18 33 24 11 35 79 50 10]
[ 9 25  6 25  5  1 25 25 25 25  0 25 25 25 50  2  9 50 25 30  3  3 50 25
 39 10 25 44 60  6  8 25 41 25 37  7 47 33 58  6  4 25 30 50 21  5 50 50
 35 10  6 50 44 11 25 11  2 50 25 50]
[ 1 25 46 25 25  0 25 25 50  1 10 25 25 40 25  8 38 25 50 25  2 50 50 25
 25  3 40 25 68 25  7 25 30 35 30  6 50 49  9  1  5 25 26 40 44  4 50 11
 10  2  9  3 50 70  2 11 84  7 35 31]
[ 1 25 25 25 25  0 25 25 35  7  8 25 50  3  5  2 50 25 25  4  9 50 25 25
 50  3  3 25 12 50 11 25  0 25 99  6 25  9  6  5  4 25 25  6 25 10 46 35
 14 25  5 50 15 12 40  7 50 40  7 25]
[ 4 25 25  3 37  9 32 25  2 25  1 50 25 25 25  0 50 25 21  8  2 25 50  3
 40  3 19 25 13 25  5  7 45 45 25  7 25 20  6 39  6 27 64 50 20  8 25 17
 17  5 10  5 37 22 37 11 25 50 25 30]
[ 4 25 11 25 20  5 50 25 25  6  1 25 25  3 25  0 50 25 10 25  2 40 25  5
 52  9 25 35 25 35  3 10 44 25 45  8 25 25  7 31  6  9 31 10 26  7 25 44
 45 51 11 25 50 10 41 10 15 47 43  6]
[  1  25  31  11  35   0  31  25  25   1   2   7  25  46  25   3  25  25
   1   7   8  43  25   1   8   7  25  10   8   4   4  25  11   4   4   5
  35  21  30  35  11  25  15   6  10  10  50  25  10  30   6  30  10  25
  60   9  45  25  25 100]
[ 1 25 30 69  3  0 25 29  1 25  2 25 35  1 25  3 45 25 10 50  4 25 35  2
 50  5 25 35 35  6  6  2 42 20 25 10 34 22 11  6  7 17 11 20 37  8 25 50
 10 23  9 37 22 32 25 11 31  8 24 91]
[ 5 35 11 15 10  2 25 25  4 50  4 25 25 25  7  1 50 25 10 50 11 25 25  4
 25  3 30 44 50 35  9 25 50 50 50  0 25 27 43  3  6  9 30 53 26  7 50 34
 25 21  8 27  5 40 45 10 50 12 10 45]
[ 9 25  5 25 25  4 25 11  2 49  1 31 25  3 35  0 50 25 11 46  5 50 25 25
  1  2  5 25 45 45  6 15 26 25 35  8 25 15 35 21 10 11 30 10  3  3 50 75
 60  3  7  7 62  2 28 11 36 20 45  6]
[ 5 25 25 50  5  2 42 25  6 65  1 25 25 25 41  0 25 40  9 25  8 35  4 15
 31  3 50 25  8  8  4 82 30 30 34 11 25 25 50  8  6 42 45 30  8 10 45 15
 15  7  7 72  6 17 40  9 64 19 16  6]
[ 1 25 50 50 25  0 25 25 25  4  2 41 45 10  7  3 50 25 25  1  4 25 50  4
 25  6 25 30  7  4  5 31 30 25 36  7  7 25  8  6  8 30 50  4  9  9 50 22
  1 10 10 25  5 33 22 11 33 32  2 20]
[ 7 25  5  9  4  3 34 77  6  4  6 25  1  5 20  1 50 74 54 21  2 30 25 48
 24  4 37  9 13 25 11 50 11 69 50  5 25 37 25 26 10 49 75  4 11  9 40 35
 75  1  8 25 10 35  3  0 50 40 45 34]
[ 1 25 25 67  6  0 25 25 35 40  2 45 31 11 25  3 25 35 50  7 11 25  1  9
 30  4 25 22  5 25  5 45  7  2 50  9 25  7 20  6 10  7 50 66 25  6 33 75
  9 20  8 50 35 27 28  7 55  6 15  5]
[ 1 40 50 45 45  0 35 25 25 11  6 25 50 11  1  2 50 45  7  2  3 15 50 25
  2  8 50 25 25 45  7 25 50 25 38  4 25 25 46 45  5 36 50 24  1  9 40  8
 40 33 11 50 44 25  1 10 17 41  9 25]
[ 7 25  1 10  3  1 25 25  7 50  0 25 25 35 35  2  7 25 50 25  4 50 67  4
  4  5 25 30 25  4 11 30 10  1 10  3  1 50 30 45  9 25  5 25 50  6 15 46
 21  5  8 25 33 35 10 10 43 95 70  2]
[ 8 25 46 10 28  2 25 69 25 40  1 25 25 25 50  0 25 25 35  4  3 29 25  8
 25  5 45 30 15 15  4 25 25 25 11  7 25 20  7  1  6 50  6 10 35  9  8 11
 48 40 10 21 19 11 92 11  7 19 44  4]
[ 2 25 25 50 36  9 25 25  6  1  8 50 25 10 33 10 32  1 18 25  7 25 32 50
 25 11 25 12 25 35  6 50 16 10 25  3 40 25  4 50  4 50 25 41 23  5 40 48
 10 71  1 41 28 19  2  0 85 40 10 30]
[ 6 25 34 25 25  9 25 25 10  1  4 25 25 25  9  1 25 25 50 25  0 25 50 65
  3  2 58 50 27 50  3 50 25  4  5  8 25 10  8 87  5 50  8 25 26  7 50 35
  9 60 10 20 14 50 45 11 50 50 11 44]
[ 1 25 25 32 25  2 11 50 11  3  0 25 25  2 48  3 25 27 43 48  5 25 25  3
 75  4 50 50 10 35  6 25  0 35  9  7 50 30 25 65 10 30 45 50 35  8 50 40
 10 35  9 48 69 17  1 11 45 75  6 25]
[ 1 25 25 35 30  3 25 25  6 23  0 50 34 10 25  2 25 25 28 37  4 25 25 50
 20  5 37 45 46  9  6 48 17 40 33  7 13 50  6 35  9 58 45 27  5  8 59 40
  6 48 10 62 47 23 50 11 50 27  9 35]
[ 2 50 25 25  3  6 25 30 25  1  1 48 25 37 25  0 25 35 58 50 10 30  7 34
  7  3  1 50 35  1  4 55 46 25  1  5 45 50  5 35 11  4 14  3 50  7 29 25
 27  3  8 25  2 28 50  9 48 40 25 47]
[ 1 25 25 25 25  4 25 25 31  1  0 71 50 49  1  7 25 50 25  6  2 50 25 25
 25  9 25 25  8 33  3 25 50  9 35  8 50  5  5  6  5 30 25 25 45  6 43  6
 17 57 10 38 18 20 35 11 23 30 39  5]
[10 25  7 25 50  1 43 25 60 13  2 11 38 10 10  0 25 25 53 25  3 25 38 11
 25  4 25 25 50  8  5 25 33  7 66  6 50 11 10  1  7 15 12  7 25  8 35 25
  7 25  9 32  3 28 54 11 87 37 32  8]
[11 25 32 25 26 10 48 25  6  8  1 25 25 25 25  0 25 25 35 25  2  9 75 43
  4  9 25 50  2  4  3 17 25  6 50  8 40 10  4 40  4 44 17 35 47  5 44 34
 23 86  7 25 12 50 35  6 50 50 23  6]
[ 5 25 25 75  3  2 25 25 25  1  0 25 25 50 25  4 25 10 25 17  8 46 65 10
 10  1 15 50 71  6  6  8 28  6 58  7 11 28 50 41  3 39 25 11 11  9 58  6
  5  2 10  3 53 78 50 11 50 24 55 50]
[ 1 25 25 25 25  0 25 25 25  7  3 25 29 35 25  2  4 50 56 30  4 25  5 30
 55  5 50 45 15  9  6 30 35 10 46  8 25 34 50  2  7  5 50 25 45  9 35 36
 31  6 10 67  9 50 10 11 25 50 36 15]
[ 1 25 47 25  2  0 50 25  1 25  2  1 49 45 25  3 11 25 50 25 10 50 25  2
 39  4 25  7 42 52  5 32 29 25 35  6 22 29  1  6  9 25 25 25 25  8 35 25
 25  5  7 25  5 11  8 11 29 10 25 69]
[ 1 32 25 25 38  0 25 25 25  8 11 25  8 25 58  2 22 35  1  9  5 46 18 74
 32  3 50 25 25 34  4 50  1  6 25  6  0 18  2 48  7 50 29 41 24  8 49 17
 21  3  9 33 21 25  1 10 10 55  9 50]
[ 1 25 25  7  3  7 25 37  2 31  0 25 25 25 11  2 25 25 25 25  5 25 45  5
 30  3 40 25 37 37  4 25 25 59 20  6  4 45 47 50  8 50 43 24 75 11 25 23
 50  3 10 25 50 42 12  9 39 50 21 26]
[ 1 25 25 40 25  4 40 25 35 10  3 50 25 25 30  8 30  6 50  1  0 25 48 10
 48  6 50 35  5 25  7 20 25 32  2  2  4 50 25 20 11 25 10 50  6  5 64 35
 21 31 10 25 60 50  4  9 50  2 14  9]
[ 7 25 25  1  1  1 25 25 45  7  5 25 10 35 75  6 25 10 25  4  2 50 25 50
 25  0 26 25 25  1  3 15 50 40 20  4 25 25 35 25  8 50 25 10 11  9 11 50
 50 43 10 26 37 50 25 11 41  5 71  1]
[ 2 25 25 25  8  1 36 25 24 50  3 33 40 49 45  4 25 25 10 50  6 25 49  1
  4 11 25 25  2  1  0 45 43  2 78 10 51 26 40  8  8 41 31 32 29  7 25 40
 25 30  9 50 25 36 25  5 12  6 24  9]
[ 1 25 25  3 25  0 25 46 25 11  2  9 25 43 50  3 25 25 50  4  4 25 12 17
 44 11 25 45  9 43  6 37 30 69 20  5  7 25 37  6  7  9 50 50 28  8 25 25
  2 25  9  6 11 45 60 10 35 33  8  1]
[ 1 25 25  1 32  2  2 25 25 10  0 50 25 10 15 10 25  3 25 40 11 16 25 40
 44  9 59 43 25 37  8 34 25 48 64  7 40  5  6 25  6 50 25 25 45  5 25 45
 35 25  3 46 25 50 25  4 25 50 35 20]
[10 25  4  8 25  9 25 25 25  9  1 25 25 52 32 11 25 32 50 56  0 25 25 25
 14  3 25 93 25  6  8 35 39 10 25  2 42 25 25 50  4 43 50 21 20  5 35 44
 25 26  6 33 30 27 12  7 50 27  8 25]
[ 4 25 25 25  1  1 25 25 37 25  8 50  1 35 10  0 25 49 35 21  3 25 25 30
 70  2  9 50 26 30  7 50 50  5 25  5 50 35  8 28  6 23 50 50 45  9 25 11
 25 16 10  7 27 16 69 11 11 55 43 28]
[ 1 25 25 50  4  0 25 50 25 25  2  6 29 25 50  3 25 25  2 25  8 25 11  4
 10  4 45 40 25 41  7 25 32  2 10  5 35 34 34  7  6  4 41 13 25  9 60 25
  8 32 10 33 29 43 10 11  2 39  5  1]
[ 1 25 25  9 45  4 25  7 25 25  2 25 45 48  2  0 50 46 10 50  3  7 47 49
  1  5 25 25 50 25  6 23 50  4 10 10 50 49 10 38  7  8  8 40 50  8 29 31
 10 50  9  4 19  9 25 11 25 26 50 78]
[ 1 58 25 50 25  4 25 40  9 10 11 25  2  2 11  0 25 44 20  2 10 25 40 25
 25  2  9 49 14 46  3  5 50 26  5  5 26  6  3  8  7 27 10 41 25  6  6 50
 50  1  9 25 35 35  9  8 37  7 25 25]
[ 1 45 25 34 40  0 25 25  8 25  3 25 25 27  7  2 44 25  1  3  9 25  4  9
  3  4 25  5 48 28  5 34 50 26 11 11 25 50  6 40  6 29 37  7 43  7  1 20
  1 35  8 33  3 27 35 10 33 79 27 55]
[ 4 25 32 40 25  1 25 25 42  1  0 46 25  6  1  7 25 20  3 25 10 25  1 25
 43  6 76 31 10 10  2 11 71 34 13  3 28 34  8 40  9 25 38 29 84 11 28 50
  6 10  5 33  7 13  3  8 50 12  8 50]
[10 25  9 25 50  9 25 50 25 48  1 44 25 25 25  0 25 35 25 20  5 50 50 10
 30  7 25  7 25 25 11 15 25 16  2  8 25 34 10  8  3 50 25 25  9  4 25 35
 50 30  6 50 25 10 45  2 35 40  9 50]
[ 1 25 69  7 50 10 25 25 25 25  0 25 46 27  8  9 25 29 35 25  2 25 25 25
  6  3 25 25 17 50 11  0 50 25  5  8 30 50  7 25  4 25 42 17  5  5 32 34
 53  8  7 25 30 50  1  6 11 42 42  3]
[ 2 25 25  1 25 11 25  8 25  4  4 25  1 25  7  3 35 35 28 45  6 25  5 45
 48  1 25 25 35 25 10 25  8 20  1  5 25 31 27  1  0 50 25 10 38  7 50 35
  4 20  8 64 21  7 22  9  4 50 44 11]
