[ 1 40 69 45 23 10 65  9 20 86 11 50 25 61  1  9 74 93 10 83 18 75 69 22
 20  8 83 64  2 10  7 59 25 22 12 12 15 26 79 24  6 96 37 93 27 13 47 73
 62  3 14 45 29 29 34  0 65 73 10 26 17 92 57 18  3 16 65  7  4 76  5 55
 49 10 26  4 42 62 42 20 15 58 63 42 26  3 29 25 82 37  2 50 26 14 44]
[ 6 25 25 65 25  5 25 25 35 66 10 25 46 25 40  7 50 50 16 31  4 37 25 11
 25 18 25 25 25  3  1 25 50 25 20  8 50 25 10 70  9 45  5 13 36 17 25 16
 25 25  0 50 25 50 10 11 50 42 10 53  3 25 25 47  9  2 15 35 37 35 12 50
 52 10 25 13 34 18  9 52 14 31 78 16 25 15 25 41 60  7 16 75 41 25 25]
[18 25  7 15 26  6 39 10 11 49 15 25 25 49 39  5 45 25 11 31 14 25 16 25
 92  7 17 26 50  6  4 43 43 41 52 10 54 50 31 20  8  6 32 50 50  9 65 50
 19 13  3 50 57 25 20 16 39 55 17 33  2 50 39  3 32 17 85 25 10 25 12 50
 63 10 71  1 50 50 35 20 13 40 80 10 25 11 50 25 25 50  0 52 25 68 25]
[ 1 25 50 50 45  6 25 50 11 39  9 25 25 56 45  5 25 25 25  9 12 25 13 25
 25  7 50 60 25 17  4 74 26 10 31 11 25 44 26 13  3 25 28 47 25  0 50 28
 26 22  8 40 25  6 33 13 12 38  5 13 18 25 40 50 17 17 25 20 39 20 10 25
 45 14 17 16 29 54 54 10  2 40 25 17 71 14 25 50 59 35 15 54 12 41 42]
[12 25 25 32 25 15 25 50 60 15  6 25 40 60 13 14 31 26 53 25  5 25 26 10
 25  1 36 39 49 46  2 50 50 25 32 16 50 25 52 18 13 45 25 21 70 10 25 15
  1 25  8 33 37 52 25 11 94 25 21  5  7 58 37 10 33  9 50 51 25 20  4 25
 50 25 32 18 74 39 45 50  3 40 35 20 47 17 45 43 14 46  0 25 25 46 37]
[ 4 25 58 14 50  6 50 70 32 25 16 50 61 35 28 18 25 25 50 25 14 50 25  8
 14 15 25  1 25  8 11 25 50 60 15 12 50 25 25 15  2 25 25  9 10 13 26 50
 34 20  9 39 56 11 59  3 18 25 15  3 17 50  9  2 25 10 50 26 25 24  8 31
 16 29 18  7  0 25 66 45  5 25 44 45 27  1 57 35 22 25  0 50 25 25 45]
[ 1 25 25 25 25 12 25 10 10 10  6 45 10 25 45  5 50 45 20 10  7 35 79 50
 42 11 60 20 10  6 18 83 50 26  6  8 44 50 41 25  4 49 25 35 48 13 50 30
 54 20 14 74 35  3 83 10 25 25  5 45 17 25 15  8  6 15 25 49 56 40  3 74
 25 10 50 16 46 41 75 48  2 35 65 74 30  9 70 28 14 39  0 26 40 25 34]
[ 6 50 29 50  1 15 25 10 11 25  5 45 25 40 25 14 25 58 50 46  7 50 30 50
 13 12 50 45 16 14  4 34 52 50 26 17 25 66 50  5  1 75 25 92 25 16 41 25
 17 25  8 31 50 54 45 11 50 10 51  9 10 36 34 50 25  2 10 25 11 31  3 25
 54 44 20 18 40 50  6 25  0 25 25 25 45  9 50 33 34 50 13 31 50 29 45]
[ 7 26 20 24 25  8 25 53 46 25 13 25 33 60 25  6 25 25 25 25 12 50 50 10
 25  9 36 25 48 39 14 50 19 25  1 15 25 50  1 39  5 68 50 20 45  4 25 45
 25 25 10 54 25 14 20 11 18 45 13 22  1 25 25 94 25 16 20 69 65 14  0 25
 93 31 22 17 50 51 26 38  3 33 50 27 48  2 58 50 10 48 18 41 29  9 50]
[ 1 25 25 10 29  6 34 15 25 25  0 25 50  7  7  9 25  9 10 14 12 45 25 43
 25  2 24 25 20 31  3 50 25 50 25  5 25 26 44 40  7  9 40 75  1  4 35 54
 49 82  8 60 23 10 61 16 75 50 10 39 10 75 17 40 19 11  2 25  1 69 13  4
 50 80  4 14 49 50 35 15 15 25 69 70 20 17 50  9  6 50 18 21 45 65 44]
[ 6 56 50 26 45 16 25 32 43 50  5 25  1  8 39 13 45 25 47 25  7 47 44 26
 29 15 25 34 26 55  4 50 25 10 14  8 38  3 12 66 17 33 31 33 50  2 50 25
 23 25  9 25 30 59 12 12 25 50 50 10 14 58 11 26 15  3 50 25  9 50 10 25
 25 25 50  1 37 25 21 17 18 69 69 15 20 11 25 45 31 32  0 45 53 50 42]
[ 9 61 25 10 47  6 25  1 10 45 11 25 36 10 25 12 66 25 20  6  8 50 25 46
 28  3 25 25 83  8  5 29 26 10 71 18 50 25  8 50  2 45 31 15 63  7 39 49
 46 21  4 52 33 22 25 10 50 11 25 25 17 59 25 15 25  1 37 25  1 25  0 25
 25 31 20 13 12 25 19 45 14 16 11 25 21 15 25 39 14 30 16 15 69 12 20]
[ 7 25 21 25 25 17 25  2  9 25  9 25 25 25 16 16 75 54 45 26  6 85 25 35
 52 12 34 50 25 49 10 25 12 10 61  8 50 50  9  8  5 35 26 32 69 11 50  3
 35 44 15 50 50 54  6  4 74 25  6 50  3 50 75 10 20  2 50 50 69 20  1 25
 25 50 17  0 25 28 35 43 13 25 32 25 25 14 15 25 25 11 18 50  4 20 61]
[ 1 25 37 50 58 18 25 69 72 20  6 69 50 16 15  0 50 50  1 45  5 25 50 74
 31  7 50 25 25 50  4 25 25 50 50 15 25 29 35 52 12 34 20 16 40  8 50 25
 10 25 14 70  2  7 36 17 25 15 60 16 11 25 36 23 25  3 25 25 10 45 10 50
 36 10 38 13 50 26 26 37  9 16 51 25 20  2 40 25 20 45 16 25 35 25 25]
[14 25 25 25 50 17 25 58 10 31  6 75 75  1 85  2 75 25 25 25  5 58 50 33
 45 15 45 50 25 17  1 25 43 50 39 11 25 50 50 25 12 41 25 54  6  7 21 37
 42 26 13 25 94 13 25 16 35 33 31 25 18 50 10 10 15 10 50 50 10 45  9 25
 26 59 42  3 25 62 13 20  4 47 25 25 46  8 28 50 32 20  0 31 50 25  5]
[ 3 25 69 50 26  1 25 45  6  1  6 74 43 11 45 12 75 21 10 11 16 25 10 25
 63 15 25  1 25 25  2 25 25 68 25 17 75 28  9 61  5 25 25 61 25  9 50 52
  2  9 11 50 10 24 12 13 45 32 31 21  4 40 56 44 41  7 65 88 15 30 10 50
 76 10 50 18 49 25 30 12  8 50 50 11 25 14 41 16 23 54  0 25 43 20 27]
[ 6 25  4 25 20  1 50 25 74 25 10 71  1 25  3 18 25 25 50 64  5 98 26 10
 50 12 25 96 10 25  2 15 50 25 21 15 34 15 16 50 14 25  0  9  5 13 22 44
 60 15  0 50 25 35 24  9 74 10 10 58  8 25 69 93 20  7 38 28 57 41 11 50
 10 13 25  4 25 25 50 30  3  6 50 25 23 16 33  6 59 25 17 35 31 25 32]
[ 7 45 25 85 18  8 25 43 36  6 10 31 25 50  5  9  1 49  9 25  6 25  4 14
 10 17 25 10  6 12 12 31 21  3 80  5 25 11 25 59 14 33  3 25  5  4 25 25
 59 29 11  6 30 50  8 13 50 13 37 77 15 25 50  5 39  1 39 25 56 25 18 58
 64 35 13  3 25 35 20 18  2 13 50 47 20  0 50 50  1 61 16  4 28 25  1]
[ 6 25 20 10 15  7 37 78 13 10 12 25 25 12 25  5 25  8 25  1  4 25 25 26
 18 11 75 43 25 52 17 42 50 15 39  3 25 25 25  3  2 63 28 32 50  1 35 50
 63 50  9 25 17 33 50  8 28 33 32 45  0 50 25  1 25 18 32 25 25 25 13 75
 22 10 25 10 50 13 25 10 14  3 33 33 34 16 67 50  9 39 15 50 25 50 64]
[ 1 25 25 37 70  6 25 50 50 45  5 45 25 15 70  4 26 89  3 62  9 29 62 40
  7 15 25 33 39 56 12 25 79 25 50  7 40 25 56 12  8 25 75 36 10 18 25 45
 87 25  3 51 50 68 20  2 27 25 16 31 10 25  5 20 66 11 75  9 25 21 13 30
 54 31 14 14 65 69 19 21  0 25 75 20 12 16 29 12 71 22 17 50 37 10 10]
[  6  50  25  25  52   5  25   9  25  50  15  25  11  14  25   7  40  50
  45  12   3  25  25   2  25   4  13  36  12  45   8  54  36  29   9  14
  25  10  13 100   9  74  10   4  25  16  50  50  35  25  13  50  49   3
  46   2  39  26   6  44  10  39  26  46  25  18  25  69  39  20  12  75
  25  10  25  11  50  32  40  50   1  25  25  49   6  17  50  37  16  25
   0  50  86  25   1]
[ 3 50 25 12 50  2 25 64 60 31 10 25 12 15 23  1 25 25 39 10 12 25 50  1
 50  4 27 25  1 13 11 13 75 25 20  7 75 50  2 25  0 25 32 35 16 18 62 23
 14 66 14 41 25 43 45  5 50 25  4 83 13  5 54 57 21  6 40 44 20 58  8 44
 50 41 20  9 50  8 26 59 15 62 50 17 25 17 26 12  1 41 16 44 12 16 75]
[ 3 25 25 25 25 17 25 25  1 50  6 47 75 50 20 12 39 50 46 10 11 64 50  8
 45 16 25 69 25 20 15 25  2 13 25  1 58 25 28 20  0 25 50 28  9 14 45 25
  6 49  5 25 72 45 20 13 50 39 30 11 10 41 47 22 18  7 10 40 61  8  2  9
 25 14 33 18 20 59 78 30  4 13 50 45 39  9 25 44 59  7  8 39 44 21 32]
[12 25 25 50  9  6 47 42 25 28  8 25 10 25 60  7 50 25 10 25 13 75 25 44
 14 17 50 20 20 25  1 25 25 16 25  9 15 25 20 56  5 72 39 10 66 10 50 15
 22 65  4 50 29  6 27  3 72 39 11 43 16 25 35 25 54 11 47 60 38 20  2 50
 28  9 42 14 28 36 12 50 15 25 52 35 37  0 25 50 62 16 18 13 45 26 35]
[ 6 50 25 25 25 12 25 38 50 39  2 39 25 25  1  4 25 25  5 45  5 50 50 50
 25  3 16 26 25 69 11 50 30 10 65  1 25 75 17 10  0 50 25 44 13  7 30 63
  1 20 13 75  8 10 39  8  7 50 10 33  9 50 25 25 50 10 50 34 35 32 14 20
 75 31 20 15 75 25 10 14 16 52 50 33 17 17 50 32 35 57 18 50 50  5 39]
[ 7 50 25 25 25  9 49 71 35 24  6 25 39 36 56 17 25 45 14  7 10 52 54 25
 25 12 25 50 20 25  5 25 50 35 25 11 42 50 18 39  8 10 50 21 56 13 31  9
 53 21 18 25 16 34 41 15 25  2  2 50  4 25 79 59 20 14 25 30 24 54 16 50
 69 46 20  3 48 25 21 25  1 25 25 53 50  0 25 54 16 26  2 43 25 40 31]
[12 25 47 50 48  6 25 23 25 25  5 25 10 25  5  4 25 25 25 25  7 10 48 25
 32 10 52 15 28 17  8 25 50 25 42 13 62 50 23 15 14 50 45 25 86  1 50 25
 80  1  2 53 26  3 82  3 21 59 44 36  0 50 26 25 42 11 21 32 24 63 18 52
 25 11 49 16 25 50 10 39  9 15 50 50 40 15 50 50  7  5 17 31 50 56 11]
[ 1 75 25 14 25  6 25 25 25  8  5 25 66 25 56 12 75 50 10 50  0 25 25 74
  4  4 74 56 10 54  3 25 25 32 28 11 25 10 60 25 10 50 25 10 50  2 39 50
 12 45  7 50 57 25 14  8 40 14 12 25  9 17 39  3 40 13 50 41 25 54 14 40
 20 44 75 15 25 32  9 25 16 21 30 63 25 17 49 29 20 30 18 50 50 69 25]
[ 6 50 25 12 50  9 25 10 25 25  5 25 75 63 20  7 27 25  1 50  4 50 69 25
 49 18 25 50 65 39  8 54 35 12 50  0 25 50 25 46 10 45 50 40 13 11 50 50
 11 45  3 25 50 35 20  2 25 35 25 35  1 15 25  6 18 12 75 28 14 19 13 50
 47  7 26 14 22 40 18 55 15 25 23 31 31 17 39 25 46 10 16 45 50 19 39]
[13 25 10 25 50  6 35 50  1 50 10 49 46 21 49 18 29 15 56 25 12 25 25 35
 25  5 60 25 92 25  7 17 50 16 20 15 52 50 33 39 16 50 25 15 64  9 25 64
 10 33 17 50 10 10 25  4 40 29 44 14 14 50 43 25  9  1 25 25 25 45  8 50
 25 69 39 11 48 25 12 45  0 50 50  1 86  3 26 25 49 10  2 50 25 11 20]
[10 25 25 25 65  2 75 49 10 97  4 25 25 59  6 12 25 39 50  4  6 25 25 54
 59  7 44 26 31 25  0 25 50 28 37  1 18 25 25 45 11 46 39 12 56  8 62 84
 16 25 13 50 10 35 29  5 50 42 10 11  3 50 32 10 52 18 25 17 37  1 16 39
 50 10 39  9 52 31  1 45 14 43 39 34 43 15 25 45 49 15 17 14 50 76 39]
[ 1 25 25 56 62  6 25 42 60  8  3 25 51 45 25  2 46 25 25  4 14 25 40 14
 50 12 25 35 25 50  5 50 25 10 70 11 50 75 10 20 13 16 75 44 15 15 25 12
 16 36  7  6 50 12 25  9 45 52 39 94 10 41 50 15 50 17 75 45 10 32  4 35
 50 49 47  8 52 36 18 25  0 25 61 25 50 16 50 50 60 39 18 50 45 30 28]
[ 6 25 75 28 18 10 25 25 35 25  5 25 14 25 56 12 25 25 50  7  0 50 25  7
 25 13  1 54  2 75 18 25 10 45 52  7 46 28 94 22 17 38 16 22  6 16 25 26
 12 23  8 53 54 32 46 11 43 48 25 45  4 25 53 28  9  3 37 31 32 22  9 50
 50 34 45  2 25 25 47 48  1 21 84 60 13 14 74 50  9 55 15 25 50 50 39]
[12 25 25  3 45 14 25 14 25 25 10 25  4  4 39  1 50 25  9 54  6 50 50 35
 20  9 50 37 34 50 11 10 25 50 39 13 10 25 25 10  8 50 25 35 15  7 50 25
 35 45  5 29  1 21 69  0 50 25 35 32 15 39 19 16 70 18 25 15 25 74  2 75
 25  4 39  4 25 50 25 12  3 44 25  9 45 16 20 25 75 25 17  8 63 20 26]
[ 1 50 25 44 25 12 25  3  3 39  0 25 25 25 10 11 50 74 25 21  7 28 75 75
 20 16 75 25 12 12 10 25 25 70  4  6 50 39 10 25  2 20 64 65 20  9 25 55
 45 20 17 10 50 44 39  3 50 25 13 70  8  8 39  1 34  5 64 17 17 53  4 28
 69 45 31 15 25 11 10 25 13 10 50 25 20 14 10 63 13 12 18 28 34 39 25]
[10 50 25  9 17 12 25 25 54 50  6 50 41 25 17  4 25 53 25 20  5 25 25 60
 45  1 25 50 37 20  3 25 35 35 50  2 27 66 33 20  7 40 41 45 25  8 50 40
  4 55 18 25 30 25  1 11 50 25 10 64 13 75 25 25 17 14 74  6 10 50  9 64
 11 20 26 16 49 44 25 45  0 41 43 19 27 15 25 10 25 25 17 39 30 21 21]
[ 3 25 25 65 13 18 39 25 17 52  2 25 25 25 20  6 75  0 80 50 12 35 15 15
 50 15 41 25 25 25 16  3 50 76 25  7 50 50 35 65  8 50 50  9 25 13 50 30
 56 13  9 24 50 25 10  5 50 75 25 20 17 44 25 30 61 10 68 50 17 45 11 50
 20  1 55  0 29 69 56 19  4 50 44 34 19  1 50 50 25 55 14 21 61 25 10]
[12 45 25 50 10 11 50 45 40 50  6 25 25 41  7  5 25 11 25 15  7  0 32 25
 58 13 25 35  1 14  4 25 50 25 34  8 37 37 20 33 14 11 35 73 60  0 50 26
 20  2 10 26 54 59 25  2 25 25  8 16  3 50 39 10 43  9 22 39 25 10  1 20
 28  4 78 15 64 50 15  4 16 44 50 41 12 17 50 63 31 26 18 46 50 73 25]
[10 75 35 10 25  6 25 49 50 25  1 25 25 49 25  0 31 75 29  3  7 40 50 20
 25  9 63 17 21 45  8 49 25 25 50 11 50 50 14 25 12 29 43 44 47  2 25 57
 12 20  3 56 25 13 39 17 25 61 60 10 13 38 25 11 52 14 14 65 56 16 15 50
  1 25 63  5 50 50 10 37 16 40 29 10 60  4 34 25 46 37 18 50 52 25  5]
[15 25 25  6 13 13 43 25 25 25 14  7 50 72 25  6 74 13 11 10  3 50 25 60
  6 12 63 15 15 35 17 39 47 25 36 11 66 40 21 52  1 25 25 77 25 16 64 47
 10 25 18 49 30 13 25 10 50 25 32  1  5 25 25 51 45  9 74 21 10 25  0 36
 25 24 45  8 43 36 66 10  2 50 50 40 31  4 20 31 64 35  7 25  5 14 25]
[14 25 75 20 23  0 25 50 45 10  6 62 72 39  1 16 25 48 43 10  5 25 47 50
 48  7 25 52 25 20  1 35 25 43 63 11 50 10 10 69  4 29 25 25 50 18 50 50
 10 39 12 25 73 40 20  9 25 30  9 63  8 15 25 21 47  3 54 25 10 39  2 43
 50 26  7 10 25 50 17 44 17 50 53 35 36 13 31 27 25 10 15 25 49 25 17]
[16 25 11 25 13 12 25 10 25 25  6 50 25 72 25 15 50 57 14 10 14 35 65 16
 69  4 25 25 10 53  8 25 79  6 51 11 50 51  3 58 17 18  4 42 81 13 37 62
 33 25  5 53 51 42 25  7 50 50 25 29  9  5 50  4 43 10 50 31 38 20  3 25
 25 35 45 18 25 69 45 20  2 25 46 23 24  1 25 25 25 50  0 47 60 10 36]
[ 9 25 94 10  6  1 25 25 44 64 13 32 25 25 70 15 25 47 37 25 12 57 25 10
 25  2 50 25 16  8  3 12 75 52 20 18 63 34 36 10  0 25 72 25 79 17 75 50
 11 25 11 65 28 27 50  4 31 25 10 25 16 34 12 31 75  5 50 25 10 50  8 86
 50 15 45  6 25 69 21 12  7 82 50 39 10 10 50 44 12 25 14 35 15 16 50]
[14 25  9 25 39  6 75 25 47 25  5 75 74 63  4  7 70 50 15 43  4 50 25 34
 35 10 36 25  3 12 13 71 48 45 75  8 50 50 10 78 11 50 50 35 45  2 75 25
 17 25  9 50 15 21 50  1 25 25 40 75 18 61  9 10 75 15 25 25 60 64 12 50
 33 20 62  3 50 50 35 20  0 25 56  3 15 17 62 50  6 32 16 59 63 38 13]
[ 6 75  1 10 58  5 36 50  7 16  7 50 25 50 25 10 25 25 43 26  1 40 84 34
 21 12 25 20 25  6 13 13 26 35 46 17 25 58 47 31  4 28 50 25 20  9 25 50
 26 25 11 33 25 27 24  8 50 50 10 50 14 25 45 25 17  0 25 25 50 45  3 25
 31 38 25 16 25  6 58 25  2 50 50 10 20 15 42 66 53 23 18 37 27 10 39]
[12 25  3 25 58  9 25 65 47 30  1 38 25 30 39  6 50 19 26 29  8 25 10 12
 66  7 50 25 10 25  5 25 50 25 50 10 69  0 16 55 11 50 10 10 20  4 25 64
 53 10 15 65 20 60  6  3 37 41 56 23  2 41 25 10  8 13 20 31  9 64 14 50
 50 34 25  0 50 25 23 61 16 50 26 35 53 17 50 50 25 39 18 40 25  9 29]
[ 2 56 25 25 57  1 81 59 10 25  9 39 13 11 62 16 25  4 25 85 15 25 49 35
 10 12 31 14 19 68 11 50 25 16 25  6 45 50 21 14 13 15 25 25 70  5 47 25
 14 69 14 16 75 25 20 10 25  3 22 50  8 25 37 49 33  7 50 39 10 31  4 50
 50 34  5 17 25 37 10 52 18 10 50 45 26  3 46 50 15 32  0 25 25 25 45]
[ 1 25 41 45  4  3 45 25  8 50  0 25 25 26 25  2 12 45 13 49  4 25 56 32
 39  5 50  9 32 25  6 75 25 40  8 11 25 10 10 69  8 25 33 25 25 15 31 52
 50 37  7 10 49 10 14  9 16 50 20 20 10 39 25 21 65 12 10 18 25 25 18 58
 25 39 64 13 50 25 17 10 14 19 45 32 25 16 46 25 72  1 17 62 37 25 25]
[ 1 25 25 94 20  6 50 25 64 25  5 62 50 50 10  7 42 50 43 10  8 50 25 21
 28  9 36 50 28 45  4 25 25 10 25 12 25 25  9 10 18 25 29 19  9 11 50 69
 45 26  3 25 50 59 20  2 25 45 35 25  0 39 25 21 98 10 37 33 50 13 13 25
 15 10 40 14 25 25  3 54 15 50  9 35 66 16 50 50 35 39 17 50 50 65 39]
[16 51 25 14 50  6 50 25 25 25  7 31 50 40  1 12 25 35 25 17 15 50 50 36
 16  5 85 50 16 25  4 50 33 26 25 11 25  4  6 89 17 30 65 10 10 18 13  8
 25 25  8 36 26 39 34  3 25 25 29 15  2 25 25 35  9 13 38 52 47 25 14 50
 25 16 50  9 40 40 20 30 10 25 25 35 51  1 75 34 20 50  0 33 31 25 15]
[10 25 23 25 45 12 50 25 12 43  6 50 25 45 25  3 43 25 10 50  0 25 25 39
  9  9 25 66 30 29 13 27  1 23 65  5 74 10  9 44 18 25 23 50 66 11 25 20
 54 50 16 75 39 10 25  7 44 50 18 20  1 75 25 38 25  8 50 30 13 36 14 40
 50  8 37  4 63 25 21 25 15 25 23  6 59 17 50 23 10 50  2 68 50 10 41]
[ 6 25 25 25 21 14 25 25 17 32 10 25 80 25 25 12 25 10 25 25  9 25 25 12
  5 11 25 15  2 12  3 39 25 17 20  1 25 25  9 45  5 50 76 45  6  7 50 25
 45 20  4 37 25 47 79  8 15 45 50  4 13 25  4 19 50 15 75 50  6 39 16 46
  6 49 44  0 25 61 35 59  2 83 50 24 20 17 57 50  4  1 18 26 50 33 35]
[ 7 25 25 75 25  6 25 17 25 89  1 50 78 10 39  4 25 25 30 45 15 75 20 10
 10 10 25 25  8 25 12 75 25 19 10  3 50 33  5 37  9 25 50 54 16  5 46 54
 14 25  2 57 25 28  1 11 50 29 25 66  8 25 50 35 17 13 50 35 17 60 18 25
  6 25 25  0 25 25 28 44 14 45 21 39 25 16 25 16 10  7 17 37 50 78  5]
[ 6 25 21 25 25  1 50 25 63 25  5 50 25 10 47 11 50 31 35  7 15 25 34  2
 55  0 25 25 54 26 12 25 38 60 25 13 50 25 56 25  7  3 53 39 23 10 50 27
 23  5 14 39 50 45 74  8 25  7 25 45  4 25 25 18 31  2 50 50 10 10  3 50
 25 10 63  9 35 11 20 25 16 10 50  4 27 17 44 48 31 31 18 40 18 16  5]
[ 2 25 25  6 35  6 50 25 50 25  8 35 25 25 49  5 25 11 25 25  9 25 25  6
 25 15 50 25  8 52  7 50 50 20 25  1 25 78 25 32  3  4 29 74 15 12 25 50
 25 84 13 34 30 65 20 10 50 25 13 11 14 68 32 15 50  0 50 62 10 25  4 25
 44 10 25 11 50 25 35 25 16 29 50 31 38 17 50  0 19 18 18 16 25 75  8]
[ 6 25 25 49 15  5 41 50 16 45  7 25 66 25 50 12 50 75 31 20 11 50 25 10
 11  9 25 15 18 25 17 50 61 35 28 16 25 44 16  4  4 43 46  9 44  8 63 41
 15 30  3 25 25 47 24 10 39 50 33 39 13 72 26 47 16  0 25 50 25 25 14  2
 15 26 25  1 25 42 55 28 15 25 25 14 16  2 45 51 50 54 18 50 18 35 50]
[ 9 25  9 25 77 14 25 41 50  7 13 56 48 25 13 12 25  6 14 13 11 25  4 25
  1  6 39 50 21 25 10 25 25 49 10  5 25 42  4 14  8 25 25 35 10  1 25 25
 79 25  7 39  9 11  1 15 45  2 53  8 16 25 25 31 50  4 50 34 17 39  3 50
 34 35 20  0 25 45 35 42  2 50 50  9 25 17 39  6 50 44 18 15 69 25  7]
[ 4 25 52 41 34  7 50 56 35  7 12 31 16 19 12  6 25 28 47 33 11 50 25 16
 22 13 10 35 25 32 10 25 50 75 25  9 25 41  6 25  8 50 25 10 50  5 25 60
 16 11 16 30 30 62 14 14 15 50 25 15  3 50 25 20 27  1 36 25 39 44 15 34
 30  5 25 17 62 25 61 25 18 25 50 13 23  2 40 25 45 76  0 50 43 21 30]
[12 25 74 10 17 10 75 65 10 63 14 25 10 25  1  6 51 25 97 13  5 59 49 43
  9 11 50 50 25 24  8 25 38  6 20 18 25 25 74 25  1 50 25 25 25  7 32 38
 28 10  4 51 31 33 64 17 35 54 50 26 13 16 50 40  3  0 90 50 30 20  3 50
 50 36  9  2 50 49 16 21  9 50 50 34 13 15 65 50 10 39 16 50 29 10 32]
[11 25 25 16 44  8 25 17 25 25  7 25 36 35 50  6 50 25 10 25  5 25 40  9
 45 12 35 50  9 45  4 25 25 26 52  9 64 31 20 10  2 36 25 25 25  3 50 74
 10 50 13 33 50 10 12 10 25 40 25 44  1 45 45 26 25 14  8 34  2 47 15 75
 24 30  8 16 40 32  6 25 17 32 50 47 37  0 25 25 25 14 18 94 20 25  4]
[ 1 25 50 21 77  6 46 25 17 50  7 28 25 39 25 16 50 50  1 39 13 25 10 25
 50 18 32 15 45 25  8 50 50 35 12  5 44 75 12 11  4 25 25 31 70  2 50 40
 16 25  3 50 50 10 31  9 50 50 34 37 10 62 37 23 32 12 50 25 10 36 11 50
 43 25 25  0 25 25 62 25 14 42 42 16 50 15 25 25 25 50 17 40 14 10 10]
[16 25 12 25  5  9 45 40 39  1 12 25 13 25  2 11 50 25 55 70 15 31 32 50
 57  7 50 25 24 45 17 25 50  1 39  6 50 50 10  9  4 49 25 35 12 10 25 57
 17 20  8 45 25 35  8  2 25 75 13 20  5 25 64 11 38 13 35 31 50 64  3 18
 25 66 32 14 65  4 19 63  1 36 49 18 46  0 25 50  4 58 18 20 50  1  4]
[ 6 25 15 25 25 13 65  3 10 25  5 25 15 25 94  7 50 50 25  4 10 50 11 50
  1  9 47 25 10 25 15 75 69 10 16  2 25 25 79  2  4 25 27 25 25 14 21 28
  7 54  8 40  5 10 14 12 39 20 33 33 11 50 56 25 39  3 50 27 10 41 18 25
 39 85 34  1 50 25 10 15 16 50 50 35 39 17 50 50 10 25  0 50 25 35 17]
[ 6 50 25 70 25 12 52 25  3 61  7 47 50 28 10  5 25 31 60 25  4 26 25 50
 50  2 25 25 17 28 11 25 35 62 17 18 80 25 10 16  8 40 50 45 23  1 50 25
  3 10 17 50 41 16 48 15 25 39  2  2 16 37 25 32 20 13 25 37  3 17  0 44
 36 50  9 14 50 45 29 25  3  9 25  9  4  9 50 70 25  5 10 49 50 11 25]
[12 25 40 47 45  6 25 64  5 40 17 65 40 20 25 11 30 43 30 28  5 25 49 26
 46 10 50 50 10 25  7 25 25 25 23  4 25 63 59  8  8 25 27 25 50  1 75 25
 39  2 13 37 32 34 25  3 25 27 94 36  9 15 18 10 59 14 36 17 48 25 15 50
 30 25  6  2 20 25 20 45 16 25 44 25 33 18 50 12 50 77  0 50 25 40 50]
[ 6 25  7 25 36  1 50 25 25 50 13 49 50 25 31 14 45 25 35 25  5 25 41 35
 20  7 34 59 51  5  0 25 25 41  6  4 25 25 37 26 12 25 19 50  5 11 25 25
 10 21  8 50 25  5 52 10 25 18 25 15  9 34 75 11 19  2 50 25 45 25 15 71
  4 11 83 16 47 50 38 21 17 72 42 13 47  3 25 50 35  3 18 50 36 25 11]
[ 0 25 25  9 84  7 75 74 13 21 14 32 94 25 10 12 50  8 35  8  6 54 34 14
  8  8 50 54 35 20  5 34 85 14  1 13 25 16 15 31  4 25 69 47 26 11 25  9
 60 52  3 50 39 57 30 10 49 49 11 20  1 75 58 10 11 17 52 34 33 10  9 50
 50 32 32  2 50 78 45 20 15 28 25 63 25 16 25 69 26 13 18 57  4 50 26]
[12 25 25 25 41  6 25 41 20 25  5 50 25 10 15 17 25 21 10 61  8 25 25 26
 50  9 50 65 25 30 11 25 21 28 54  4 26 32 25 25 10 25  6 18 33 16 25 30
 35 39  7 21 45 39 25  1 25 25 11 25  3 50 28 11 35 13 17 45 26 50 14 25
 17 25  7  2 58 25  1 65 15 37 13 18 63  0 34 25  9 49 18 26 50 69 31]
[10 45 75 25 20  6 25 25  1 25  9 25 25  4 50  5 85 29 17 66  1 25 26 50
 44  7 32 50 51 35 11 35 78 15 56  4 25 31 59 39 12 25 50 11 62  3 25 63
 35 32 13 25 40  1 10  8 50 50  2 50 14 17 30 25 10 15 40 50 30 31  2 50
 25 45 38  0 29 50  9 10 16 50 18  9  8 17 40 14 13 56 18 18 12 39  9]
[ 6 59 50 26 25  5 50 25 49 25 12 25 50 50 25 18 25 30 57 10 11 25 14 29
 79 15 35 25 25 25 13 40 25 25 49  9 25 50 25 20  4 25 25 50 38 10 25 25
 35 44  7 50 25 29 45  8 44 35 16 35  3 25 31 35 10  0 44 25 25 20 14 30
 50 54 10 17 26 50 62 39  2 25 25 10 25  1 32 45 28 25 16 25 48  2 41]
[ 6 25 25 42  8  4 50 50 25 45 15 25 25 50  9 10 25 50 60 20  9 25 41 25
  2 14 25 25 39 32  5 94 33 14 50 13 25 31  8 19 12 35 38 25  1  7 38 50
 25 26  8 28 25  6 45  3 25 25 32  3  2 25 39  1 10 17 50 25 65 25 16 15
 34 50 55 11 50 50 35 25 18 25 50 20 17  1 29 50 46 20  0 50 61  2 79]
[16 50 25 25 31  6 25 18 25 14 10 25 25 25 52 18 25 45 50 25  5 25 50 25
 20  1 50 40 25 25  7  6 32 25 39  4 44 25 40 50  8  3 21 12 50  9 34 13
  6 10  3 25 25 18 11 12 25 34 44 36 11 26 39 34 25 13 34 61 51 23 17 50
 35  8 22  2 50 25 10 50 15 25 63 39 26 14 50 63 33 45  0 25 25 35  9]
[12 50 25 72 25 11 39 25 43 15 10 26 25 45 50  6 66 17 19 10  5 70 34 50
  9 13 44 50 25 45  7 16 50 20 20 14 34 50 15 51 18 25 10  1 79  9 56 25
 25 50  0 25 25 40 56  1 30 25 25 54  8 81 25 10 45  4 25 25 38 25  3 31
 25 29 10  2 50 25 10 50 17 25 12 35 77 16 25 35 35 10 15 25 30 19 56]
[12 25 10 25 50  6 25 50 35 25 10 25 63 12 66 11  5 50 35 30  9 25 59 50
 25  5 25 50 35  8  4 25 47 17 10 16 25 35 54 17 13 61 39 24 78  7 50 50
 35 57  8 50 25 30 21 15 37 35  9 32 14 50 66 15 50 17 50 17 46 16 18 34
 33 27 25  3 50 25 25 22  2 50 25 26 50  1 50 25  9  6  0 39 33 35 25]
[ 5 25 25 10 50 15 25 50 50 39  6  5 39 43  6 10 25 30 50 64  1 25 28 25
 31  7 17 14 25 10  8 10 29 25  5  9 17 25 35  7  4 49 25 35 11  3 25 25
 48 45 11 50  7 10 47 16 45  9 35 58  2 50 37 10 37  0 50 32 10 49 12 45
 75 50  4 13 15 25 50 33 14 30 35 25 69 17 45 50 40 25 18 50 50 15 39]
[ 4 25 25  9 45 17 39 25 71 25 13 25 20 25 50  6 50 25 11 13  3 25 25 35
 25  2 25 25 10 45 14 18 25 66 17 10 25 63 10 25  1 25 25 21 44  7 12 43
 25 15  8 50  5 10 50 12 25 66 14 25 11 20 70 40 25  9 25 50 59 20 15 25
 43 10  3 16 50 69 50 20  5 70 39 12 76  0 50 63 10 84 18 50 50 69 17]
[ 3 45 25 34 10 18 25 10 10 12 12 50 52 10 17  6 59 31 25 25  5 25 16 25
 15 10 25 25 40  6  2 25 45 56 10  9 50 25 32 39  8 25 50 25 50  1 50 25
 20  4 13 50 25 62 25 11 12 52 50 15  7 49 25 71  1  0 50 25 28 69 14 74
 65 10 19 17 25 50 84 25  4 15 50 69 20 16 25 29 17 20 15 25  1 22 56]
[ 1 50 25 79 25  6 25 50  5 18 10 26 10 24 50  9 26 50 18 25  7 25 19 25
 50  0 37 25 48 25  5 50 21 45 25  4 25 50 18 25 16 25 36  4 33  3 25 50
 35 45  2 50 50 10  3  8 50 75 57 20 11 25 32 37 42 15 25 25 30 20 12 34
 24 31 12 13 50 50  6 45 14 23 50 25  4 17  3 29 40 15 18 28  1 22 52]
[ 6 25 25 64 11  5 63 36 25 16 10 25  3 38 46 16 26  4 24  4  7 46 75 50
 20 12 25  1 30 24 15 25 16 25 10  0 45 50 16 20  4 25 25 25  8 14 45 25
 39 74  8 20 25 17 18 11 50 25 30 91  9 12 55  7 20  3 25 50 45 20  2 32
 25 63 25  1 26 50 62 20 13 20 50 17 21 17 45 69  6 20 18 31 26 21 27]
[ 6 25 74 85  3  5 25 25 36  1  7 41 25 25 25 12 25 39 56 25 11 25 32 31
  9  1 25 50 60 20 13 46 26  6 37 10 25  8 12 13  0 25 25 15  1  4 50 25
 31 13  3 31 54 20 40 14 59 25 11 17  8 56  2 31 13  9 45 25  1 78 17 25
 39 15 16  2 50 25 19 29 15 25 47  9 42 16  9  7 51 44 18 10 34 39  5]
[ 6 25 61  9 10 13 25 66 10 25  1 25 66 25  1  5 50 25 20 20 14 13 25 25
  1 18 25 46  9 25  7 14 25 71 27 15 25 25 50 10  8 50 50 14 20  9 29 16
 13 25  4 42 50 18 50 12 50 54 10 41 10 25 50 25 20  3 25 25 37 10 17 25
 59 35  5  2 56 35 39 25  0 25 25 11 69 11 25 26 46 39 16 14 35  8 25]
[12 25 20 25 62  6 50 25 25 25  2 51 43 34 26  5 25 31 50 50  1 25 25 16
  9 10 25 94 20 40  3 50 25 26 52  7 50 50 35 25  8 50 59  3 17 15 45 25
  9 50 11 25 36 35 15  9 37 32  2 39  0 81 25 40 16  4 45 25 39 22 13 39
 30 11  9 14 10 39 16 10 16 19  8 41 10 17  6 31 17 36 18 50 56 48 33]
[12 50 25 25  8  6 43 25 13 22 17 25 16 54  1 10 25 11 25 25  0 63 25 89
 12  4 31 74 50 21  9 57 50 27 34 11 50 75 25 20  5 50 61 44  5 13 44 25
 48 25  7 44 31 41 39  3 63 41 24 14  8 50 10 16 50 16 83 69 37 20  2 25
 39 20 35  1 10 25 14 32 14 36 60  8  1 15 65  3 30  1 18 79 10 40  7]
[ 9 69 50 15 13 13 25 49 10  8 16 25 25 20  1 17 75 25 54 16 12 31 26 50
 23  8 50 25 45 50  5 25  7 25 39 10 40  8  7 91  6 25 86 25 29  2 25 50
 58 45  7  4 50 58  5 15 47 69 50 20 11 50 50 25 43  4 31 25 49 22 14 32
 30 52 40  0 50 25 91 25  3 48 25 10  1  1 15 50 45 45 18 25 50 26 25]
[ 6 25 52 10 58  5 25 12 25 75  7 75 13 10 33  1 25 25 25 10  4 54 25 15
  1 12 25 25 45 70 10 25 42 31 53  9 74 35 10 12 11 35  1 50  9 16 25 20
 11 25 13 35  8 13 49 17 23 50 18 39  8 50 25 59  5  0 50 40 50 29  3 50
 40  5 30 14 13 14 47  8  2 30 25 55 10 15 25 50  5 25 18 52 46 50 35]
