[82 59 71 87 76 90  3 20 38 33  0 17  2  8  2 75  3 38 84 93 13 49 41 67
 63 12 30 31]
[48 53 74 19 53 89 92 94 29 18 36 90 92 89  3 45 82 19 17  5 61 88 84 37
 99 62 85 86]
[75 44  0 14  5  1 29 43 14 22 18 41 26 56 58 50 15 33 61 92 73 70 93 23
 22 25 45 10]
[47 84 37 56 92 81 61 97 92 93 70 44 80  0 62 74 98 89 10 38 38 13 14 19
 80 57 11 37]
[70 42 56 42 86 93 66 15 42 38 23 96 67 94 94 99 41 67 22  7 53 68 23 40
 72 77 20 29]
[16  2  9 59  3 31 83 99 60 49 90 40 73 75  7  6 70 25  6 25 47 31 28 37
 37 26 63 70]
[70 82 60 39 26 44 66 94 93 54 14 37 18 24 54 74 59 63 80 81 39 58 63 46
 15 35 47  2]
[56 58 42 82  2 14 88  4 78 70 36 33 52 54 80 96 38 53  3 30  6 43 88 98
 16 37 24 44]
[27 62 34 37 44 96 81 96 11 31 15  1 91 77 40 43 31  6 76 53 15  7 44 20
 37 62 38 78]
[53  9  8 23 84 42 52 78 40 38 59 24 67 59 27  2 19 71 97 81 17 29 36 77
  1  5 63 94]
[70  4 16 12 73 44 76 67 56 77 33 44 35 49 47 19 85 76 26 11 56 93 93 82
 44 24 82 52]
[85 46 35 67 19 40  5 29 85 89  7 98 34 83 86 68 18  0 31 14 42 25 41 34
  8 28 43 72]
[32 15 15 51 14 46 75 89 42 48 19 67  3 13 85 32 79 75 29  0 53  2  0 15
 74 98 78 37]
[47 38 63 39 34 32 45 80 32  6 83 59 91 37 97 84 53 32  9 36 93 82 41 70
 56 74  8 20]
[14 31  0 23 33 13 83 58 12  6 17 22 38 35 21 26 94 34 31 75 92 31 14  5
 35 72 94 99]
[82 45 13 57 73 34 92 80 14  6 12 30  4 33 59 88 17 27 31 58  1  2 50 79
 48 61 58 59]
[58 19  9 39 13 22 82 43 76 73 75 29  4  0 34 97 58 61 43 35 69 31 43 80
 93 85 50 49]
[26 39 13 35 78 47  4 42 50 49 64 66 84 93 30  8 99 89 52 61 56 99  2  3
 52 50 77 98]
[ 7  5 66 27 78 76 29  2 35 14 16 34 91 88 26 13 76 96 49 30  2  0 37 13
  4 72  4  8]
[87 86 99 65  1 21 77 96 64 52 88 34 90 67 29 20 48  6 16 28 27 35 54 37
 75 49  3 13]
[73 72 31 32 97 37 92 95  5 30 93 74 70 94 57 68 88 97 21 36 47 40 19 23
 23 32 58 28]
[15 25 37 32 10 11 27 68 25 76 55 37 93 92 44 28 35 39 78 58 39 50 74 82
 78 80 81 15]
[75 63 21 12  9 40  0  1 47 49  6 55 13 41 58 97 37 31 58 14 81 54 77 85
 84 59 50 37]
[ 7 11 81 38 48 64  1 14 60 69 35 96 18 12 66 46 12 45 39 33 75 98 72 29
 12 11 45 91]
[41 32 65  3 43 50 86 60  8 34 92 72 93 14  1  0 97 95 23 43 51 76 26 75
 42 35 70 75]
[31 30 78 84 39 42 72 69 73 99 33 59 29 19 69 86 87 59  3 21 28 17 12 33
 80 55 22 27]
[ 8  7 36 23  4 22 68 59 61 94 71 69 75 88 28  4 67 72 76 84 37 60 60 88
 69 44 37 55]
[91 49 27 43  5 27  4 56 78 99  7 18 95 85 61 44 49 39 86 35 65 53 75 77
 41 33  2 29]
[ 6  2 44 14 15 18 42 77 32 54 69 49 90 89 19 92 83 61 93 91 83 69  7 85
 69 64 79 82]
[63 94  6  4 58 52 42 41 90 28 33 41 66 96 51 88 46 31 13  6 84 48 32 29
 19 12 55 50]
[91 83 90 33  1  0 16 19 74 73 16 31 16 25 84 38 67 46 32  2 34 37 73 71
 60 54 70 63]
[78  3  1  4 45 89  5 10 92 82 41 15 79 96 81 90 52 56 46 19 79 70 59 22
 14 51 14 36]
[34 40 76 15  0 16  4 96 60 64 15 40 94 81 51 80 62 74  5  8 61 64 86 41
 64 77 66 86]
[88 34  3 20 74 83 32 55 26  8 87 78 21  8  2 35 59 76 62 85  1 59 94 95
 68 62 27 56]
[39 15 56 51 97 52 79 20 81 20 14  8 11 18 21 19 52 94 81 95  7 51 56 90
  0 19 45 22]
[61 73 22 14 59 48  6 37 45 48  9 30  1 24 11 50  1 46 72 88 64 63 40 41
 80 24 64 48]
[94 95 58 51 22 88 38 41 13 16 27 80 48 64 27 32 78 71 34 36 67 74 22 23
 88 84 57 67]
[17 59 22 20 98 21 64 86 74 94 31  0 54 95 43 37  4 15 64  6 68 35 50 64
 16 15 70  5]
[15 14 90 89 64 88 36 22 19 41 38 47 52 62 98 86 39 26 88 93 83 32 61 49
 84 43  2  3]
[86 76 59  9 39 34 38 43 14 77 84 99 31 34 41 15 29 18 15 32 58 54 15 37
 66 46 10  8]
[39 87 56 49 11 13  0 17 94 46  1 15 10  2 90 64 34 28 29 21 54 92 26 35
 51 11 79 64]
[91 98 44 43 93 22 76 91 97 98 59 50 83 15 34 39  7 19 52 65 95 97 96 54
 14  7 80 70]
[66 78  0 23 41 42 43  7 63 87 51 30 30 31  3  0 35 39 43 61 28 59 88 92
 29  3 63 76]
[28 41 53 72 28  5 81 57 37 26 84 93 96 73 14 17  1 13 48  2 50 41 91 92
 37 67 22 39]
[72 26 11  2 53 68 26 61 22  3 95 12 62 32 93 86 94 77 84 97 68 88 48 62
 32 46 86 11]
[79 80 63 54 21  7 37 61 29 11 92 75 21 79 16 45 64 45 93 89 25 52 12 14
 24 19 15 13]
[28  7 22  5  1 32 84 96 92 89 95 10 83 79 72 81  2 72 71 62 37 48 37 59
 32 17 30 54]
[93  9 86 83 62 64 67 79 72 46  7 14 77 65 63 34 17 13 58 31 32 18 67 69
 92 89 66 18]
[39 68 98 39 32 30 70 75 75 10 21 26  6 86  5 12 84 83 43 46 38 11 45 41
 68 71 44 33]
[ 5 56 27  3 79  7 40 54 99 81  7 24 24 41 37 38 46 94 39 32 32 31 94 55
 18  9 75 79]
[54 68 14  3  3 25  9  3 62 57 99 15 68 63 15 87 50  3 42 44 78 93 53  8
  9 49 80 87]
[72 84 94 58  7 38 98 86 94 95 80 92 85 86 35 51 36 51 75 58 24 19 42 82
 55 26  8 14]
[31 64 41 45 85 74  4  1 91 92 53 78 27 20 86 48 74 75 30 21 31 19 23 45
 93  2  4 17]
[12  8 95 36  8  5 78 96 90 99 50 47  2 83 24 16 15 52 42 43 37 24 28 39
 15 44 75 94]
[66 65 62  0 26 47 21 42 47 48 11 12 69 97 64 37  5 25 29 15 67 69  7  4
 10 75 80 71]
[57 46 35 92 12 13 27 33 91 70 33 14  5 29 86 47 43 39 56 87 95 80 50 82
  3  2 37 40]
[43 44 90  3 26 29 61 16 87 53  1 17 67 72 95 68 55 57 37 78 72 73 72 91
 71 70 57 63]
[56 18 85 87 67 80 62 25  3 29 78 69 52 60 29 52 46 42 56 26 59 60 90 98
 21 12 47  7]
[80 95 65 10 86 16 74 77 47 30 67 68 19 16  7 26 57 44 24 17 73 58 44 36
 48 18 37 66]
[64 35 68 98 39 37  2  3 88 60 26 56 71 95 95 75  5  8 31 17 79 68 16 14
 40 20 56 13]
[15 16 39 12 76 78 87 96  8  3  6 33 87 95  6 97 38 17 81 48 70 42 31 66
 57 60 74 68]
[ 9  7 35 57  0 46 70 57  4  2 14 22 27 10 52 48 86 95 61 83 38 28 51 46
 85 67 42 28]
[61  9 79 73 13 68 42 41 90 97 84 59 46 64 18 13 33  3 20 30 80 89 90  1
 13 47 13  9]
[ 2 13 37 48  4 11 97 69 45 43 36 61 17 68 23 18 81 25 30 25 10 53  3  2
 69 53  4 14]
[70 59 86 93 78 67 53 17 49 64 56 36 33 17 94 99  0 36 58 26  2 58  7  5
 15 43 74 90]
[78  3  0 19 49 50 65 77 40  7 77 73 51 40 31 37 96 79 69 40 26 18 98 86
 48 38 73 64]
[40 21 64 55 78 85 51 20 73 61 23 21 53 51 15 18  4 21 19 10 76 67 84 55
 57 47 59 80]
[97 92 54 69 88 55 30 65 50 67 93 97 38 28 35 42 99  2  8 17 29  9 88 91
 19 17 37 76]
[16 78 60 33 40 42 84 82 41 73 88 85 99 89 22 59 75 53 77 73 88 53 16 14
 62 31 79 81]
[80 20 99 87 64 18  5  8  8 41 30 73 38 31 29 30 94 71 63 19 90 97 79 64
 79 56 70 86]
[99 91 42 48 19 24 84 96 16 22 16 12  9 56 19 31 19  9 48 51 29 58 38 57
 18 61  0  6]
[24  9 62 68 24 15 44  8 44 26 72 68 76 38 18 53 96 56 88 98 78 96 12 70
 68 52 53 57]
[43 25 23 39 13  2  0 39 98 96 81 35 65 10 71 64 46 40 45 58 54 48 92 89
 73 94 41 50]
[35 51 86 89 64 56 95 84 30 31 38 58 53 42 35 83 15 16 39 65 62 84  1 37
 13 29 74 99]
[19  1 85 56 52 58 27 77 98 95 17  8 45 31 48 43 66 77 86 42 22 24 39 50
 60 26 81 89]
[98 89 30 19  1 59 15 24 78 82 32 25 40 55 97 62 35 18 59 79 74 73 85 74
 63 70  2 79]
[23 31 17 86 43 73 67 72 12  7 24 53 88 63 81 80 56 66 42 32 21 18 63 76
 97 12  3  9]
[60  5 63 80 94 99 21 71 83 19 44 38 46 89 84 98 27 81 60 59 69 67 66 84
 31 82  8  2]
[87 88 84 75 16 11 58 16 59 61 47 49 83 58 25 33 48 35 64 36  1 27 83 77
 34 17 23 51]
[64 66 58 83 38 53 22  5 17 22 10 51 77 58 31 40 60 14 73 80 91 68 31  5
 71 78 70 61]
[35 27 14  2 73 54 24 91 52 31 72 20 42 25 76 82 23 20 82 87 75 32 94 95
 98 96 82 17]
[30  6 86 34 91 67 53 52  7 62 14 28 70 72 16 22 62 54 76 82 96 94 89 52
 43 39 97 82]
[52 41 52  6 95 13 90 83 70 60 13 31 87 58 82 67 83 86 24 45 90 95 60 59
 42 25 76 61]
[11 15 22 18 30 43 54 51 52 53 52 69  4 19 50 99 49 30 80 60 87 67  6 15
 68 64 15 92]
[ 5 10 84 26 39 42 60 50 11 26 28 74 75 77  2  6 55 45 43 80 70 50 98 91
 77 61  6 72]
[54 17 37 14 39 46 82 93 66 62 47 61 26 15 79 97 98 91 97 26 77 84 32 43
 84 86 40 43]
[25 13 85 79 92 41 71 69 40 95 81 72 43  1 35  2 92 50  3 24 98 96 44 48
  1 56 53 52]
[42 51 41 43 32  3 20 48 33 30 51 64 77 14 13  9 36 23  0  1 67 91 78 36
 34 88  8  9]
[ 5 51 51 52 54  1 53 64 93 87  5 30  6  1 19 37 69 10 16 19 78 93 61 88
  6  7 51  5]
[11 73 83 76 43 36 67 68 31 66 60 28  9 17 46 55 94 53 70 65 13 19 74 62
 87 78 99 80]
[71 11 19 16 42 72 43 88 84 72 25 23  9 90 14 13 34 14 10  5 39 56 88 92
 19 98 41 31]
[13  8 65 46 97 88 44 22 68 55 67 62 40 58  6 40 87 58 13 54 45 63 87 73
 14 15 16 34]
[81 85 44 23 20 62 72 70  8 62 21 28 59 62 48 30 76 69 71 41  7 63 62 49
 87 17  7 14]
[19 18 66 76 11  2 66 24 40 45 14 88  9 19 14 17 93 63 68 57 58 55 11 16
 18 25 97 90]
[29 35 39 60 41 13 28 12 83 79 79 69  7 29 66 80 45 48  2 87 73 49 15 45
 24  3 31 34]
[13 61 86 85 69 71 66 27 26 10 64 35 34 57 10  0 78 89 21 83 88 49 99 86
 97 91 98 35]
[75 78 96 82 65 38 95 99 41 22 69 91 98 81 45 37 78 77 44 18 19 30 21 29
 79 57 14  5]
[13 14 81 70 55 44 24 87 91 86 82 74 87 90 33 29 18 38 40  5 56 68 89 50
 81 98 24  9]
[53 12 80 58 61 70 86 78 42 81 38 56 34 12  9 54  1  3 95 20 50 67 15  5
 47 27 90 83]
[47 32 96 60 32  5 77 93 97 84 59 80 24 46 17 19 21 78 23 31 88 75 95 98
 52 96 41 35]
[52 63 45 40 84  5 40 32  4 76 28 26 93 85 51 30 12 43 47 66 68 66 72 73
 64 31 15  7]
[93 87 98 45 61 56 11  0 32 34 41 44 81 77 27  1 29 73 46 69 66 65 95 76
 49 15  4  6]
[65 48 57 41 89 85 67 75 90 89 22 55 16 76 85 64 12  8 62 78 47 26 64 25
 83 94 81 85]
[15  2  7  4 68 47 61 47 86 85 24 17 84 68 15 45 47 69 12  0 37 84 92 64
 17 30 99 56]
[58 60 70 46 57 66  1 42 37 32 44 21  7 12 55 65 47 51 52 99 80 70 63 59
 43 45 91 19]
[94 98 85 89 43 34 17 48 33 19 22 47 43 77 98 76 13 94 59 74 73 62 15 29
 98 81 29 23]
[70 36 65 68 37 43 80 86 14  5  0 13  0 94 28 22  6  2 77 46 79 37 97 96
 50 62 50 60]
[14 96 26 25  6 39  4 14 43 48 26 65 57 10 17 18 35 70 82 93 80 63 52 26
 30  0 93 30]
[ 1  0 97 38  5 15 16 63 35 16 57 48 53 64 61 57  8 79 91 79 42 22 45 14
 35 12 97 95]
[34 50 43 41 48 65 58 70  6 36 62 84 28 61  6 16 73 86 41 92 64 53 76 88
 41 40 70 58]
[27 60 48 51 55 26 87 79 87 99  9 17 25  0 39  7 31 89 57 69 39 74 43  9
 68 84 97 93]
[36 11 82 99 93 43  8 44 34 22 62 69 42 61 46 87 97 94 45 89 32 24  7  8
 37 36 64 27]
[84 85 23 35 76 56  7 68 55 49 23 56 40 41 68  7 26 13 63  2 80 85 97 67
 65 51 69 94]
[35 92 20 29 65 21 40 61 27 48 15  5 50 58 83 89 94 80 91 89 98 78 75 56
  9  8 92  8]
[89 84 24 30 62 21 91 84 61 64 51 50 62 84  6  0 33 22 27 32 68 12 59 56
 37 79 61 60]
[12 16 66 43 30 46 20 30 21 26 91 72 52 18 36 34 52 54 70 60 47 39 72 77
 71 90 67 88]
[14 12  8 90 63 35  8 15 46 48 66 38 98 65 51 89 74 96 16 32 26 34 64 75
 69 74 48  8]
[33 43 52 60 10 21 69 49 80 95 82 79 88 22  9  4 69 46 80 83 20 32 93 97
 89 91 55 42]
[44  4 38 33 69 84 48 89 28 61  8 15 87 96 24 36 11 28 97 45 28 48 68 75
 92 95 55 45]
[49 75 24 51  5 26 45 33 49 45 68 89 40 34 54 11 11 48 54 68 74 43 22 23
 83 76 57 66]
[33 79  4  6 57 46 79 67 65  1 64 52 96 53 29 17 19 20 35 42 57 75 80 71
 62 34 38 47]
[41  9 99 96 18 14  7 47 87 34 56 36 71  3 81 75 56 41 73 75 51 65  4  7
 61 31 24 28]
[87 12 77 78 46 51 50 15 59 47  7  9 66 90 71 11 21 40 26  9  0  7 51 42
 59 51 20 41]
[45 41 65 28 54 96 21 18 60 99 13 17 29 19 78 68 67 74 94 82 25 22 15  1
 50 46 22 55]
[14  7 95 97 18 72  7  5 39 49 43 51 58 52 91 29 65 48 99 97 94 85  1 56
 28 10 36 26]
[55 42 32 27 32 27 86 83 52 53 43 56 76 95 91 98 70 55 89 15 27 29 33 18
 27 22 58 56]
[21  4 14  3  5  3 58 39  8 10 56 23 47 30 83 90 82 49 76 22 45 41 31 54
 24 30 38 62]
[26 10 64 68 99 88 66 93 44 93 61 57 36 88  3  6 93 91 43 49 67 76 13 19
 98 78 56 54]
[25 14 68 77 24 50 40 61 20  4 26 32 86 77 58  2 62 87 84 63 65 72 31 59
 35 10  2 11]
[26 27  6 42 57 62 45 63  7 18 35 59 40 76 80 93 38 23 99 58 67 90 26 44
 90 97  1 24]
[84 83 87 65  4  8 33 16 59 32 90 99 69 45 20 53 99 68 91 94 34 10 29 38
 55 95 15  1]
[56 37 57 47 40 41  2 14 53 39 24 37 65 68 43 37  4 34 21 74 86 82 97 27
 98 94 41 69]
[64 61 68 82 17 19 58 27 20 82  4 21 23 32 23 28 30 34 84 75 64 80 83 39
 86 82 42 32]
[ 7 24 93 97 64 55 65 71 74 44 85 97 83 63 83 79 81 91 32 22 28  9 20 28
  5 92  4  3]
[86 99 13 57 34 26 37 61 36 53 70 17  8 19 14 83 53 66 32  9 23 33 74 64
 72 89 70 93]
[18 13 75 19 35 23 53  5 46 51 65 22 83 93 24 81 39 37 57 61 86 95 13 21
  0  8  4 57]
[25 29 36 10 68 95 50 97 23 16 93 69 33 31 55 52  6 17 33 57  1  2 95 25
 34 44 66 68]
[17 87 18  5 15 39 57 63 31 33 76 84 20 11 89 88 62 58 96 39 75 83 58 39
 48 16 52 27]
[73 44 21 39 11  2 67 52 91 99 65 55 84 57 58 65 23 78 97 89  3 44  7 14
 11 20 46 77]
[47 43 29 50 70 61 52 79 54 65 20 19 74 89 84 43 76 25 97 91 85 53 85 86
 13 61  3  8]
[14 19 44  7 60 33 21 48 71 28 69 55 27 25  2 50 41 45 77 69 12  9 40 65
 80 67 41 22]
[19 34 26 12 14 17 75 42  6 16  0  2 44 97 71 79 96 48 63 68  8 27 75 94
 88 22  7  6]
[ 7  3 24 41 15 20  0 15 63 46  3 16 19 37 62 59  3 16 97 70 52 58 43 67
 13  5 52 46]
[ 6 28 61 55 46 41 75 35 90 95 13 12 53 93 54 70 56 88 50 30 14 48 95 79
  7 32 16 55]
[69 99  6 13 49 58 46 98 58 80 86 89 79 61 84 83 74 83 42 59 94 98 78 71
 11 39 99 41]
[10 11 42 70  0  8 71 93 26 12 26 39 87 65 37 20 69 85 88 97 12 85 54 83
 84 26 17 19]
[41 32 96 92 42 46 61 80 54 12 59 35 33 31 23 20 96 14 29 26 97 94 57 48
 98 50 65 83]
[69 58 41 77 59 88 16 13 10 33 66 14 91  8  7  5 79 78 27 55 67 75  5  2
 33 42 30 89]
[99 60  6 37  0  7 95 78 82 78 63 75 86 41  3  2 41 13 91 95 62 58 84 37
 77 70 41 85]
[13  0 93 64 88 74 21 27 98 89 97 43 70  6 50 44 20 91 17  1 17 69 65 79
 18 61 56 51]
[38 35 27 57 17 21 20 35 17 41 99 96 42 59 17  7 75 61 91 12 78 84  5 41
  1 23 62 54]
[65 73 68 48 45  3 32 27 60 57 30 95 86 41  1  5 46 55 21 13 37 57 98 63
 88 97 19 64]
[16  8 58 98 70 95 14 35 45 72 53 79 98 38 42 44 63 36  7 34 81 88 48 89
 18 19 20  7]
[40 87 34 57 12  6 25 13 90 89 68 72  2 59 66 99 96 97 19 99 28 57 27 20
 10 11 59 58]
[43 48 10 14 53 84 99 84 72 70  7 68 92 98 72 53 53 33 69 78 53 89 70 71
 32 26 96 22]
[45 42 70  7 81 56 98 78 84 95 10 69  8 34  1 32  0 42 65 32 41 51 79 97
 54 76 44 28]
[76  4  4 12 37 35 94 44 94 83 82 21 77 57 42 37 30 33 29 23 42 73 37 27
 99 98 77 84]
[52 63 49 50 33 91 79 98 68 92 39 65 11 49 78 79 23 56  5  7 58 86 65 67
  0  6 16 10]
[20 22 55 72 99 92 87 96 38 21 37 22 76 59  5 15 50 61 83 64 92 74 15 29
 18  9 99 58]
[26 67 95 94 14 69 82 89  1 44  2 17 81 76 97 55 40 80 24 18 82 96 38 49
 40 10 68 72]
[10 24 21 32 42 47  7 30 31 36 63 79 50 85 62 95 29 25 28 97 90 85 48 42
 45 36 70 81]
[25 29 68 51 38 60 40 58 45  5 99 94 86 83 80 35 81 68 28 79 35 98 13  3
 65 60 26 72]
[69 50 48 62 54 74 65 74 22 21 56 66 79 78 37 14 42 66 40 39 21 36 12 54
 71 37 38 16]
[19 90 85 89 94 86 22 25 16 17 60 71 99 68 69 84 37 40  3  1 96 95 36 51
 89 16 42 37]
[ 8 88 59 63 70 63 38 54 82 42 71 87 98 81 88 91 75 80 95 93 43  6 37 51
 34 27  2 20]
[35  5 67 64 39  9 12 25 84 99 18 31 30 28 47 51 75 73 57 80 65 32 33 51
 52  1 80 98]
[23 37 54 74 60 85 74 17 69 23 99 87 21 19 68  4 52 60 39 68 31 40 20 14
 28 48 80 82]
[64 74 11 15 77 31  9  2 90 65 77 98 47 43 28 40 38 74 74 45 11 14 40 58
  6 33 73 71]
[70 61 11 38 74 75 12 39 95 82 78 40 35 51 79 71  0  8 27 90 22 37 52 20
 16 22 39 33]
[19 39 93 81 63 33 75 72 47 80 18 29 23  2 72 62 64 89 48 73 62 44 44 61
 83 99 86 83]
[83 69 80 93 20 14 17 18 14  7 57 67  8  2  8 24 97 32  0 49 66 98 62 60
 55 54 58 95]
[52 56 52 10 34 51 25 49 66 70 45 38 57 61 20 80 19 17 11 54 71 79 84 12
 29 34 68 35]
[23 78  6  0 17 10 87 33 91 92 53 34 44 46  9 46 18 45 69 71 86 80 58 31
 18 72 73 75]
[33 21 86 85 78 99 69 38 80 50 33 21 25 22 73 57 25 32 20 29 51 72 60 90
  4 24 53 16]
[12 19 18 20  4  5 26 53 21 36 16 10 94 58 91 80 39 35 84 79 44 74 36 29
  7  6 25 45]
[81 86 37 31 84 75 73 86 43 19 32  4 75 67  4 25 33 42 33 51  5  7 80 64
 60 98 53 63]
[73 45 93 99 17 25 54 29  0 12 34 94 70 17 72 86 26 43 30 69 91 83 22 46
 67 52 90 87]
[ 1  4 16 68 86 75 64 46 26 41  4 91 76 56 93 77 51 47  4  8 58 65 66 16
 94 88 86 72]
[17 32 26 57 80 40 65 63 47  3 95 98  8  6 88 32 62 67 46 57 14 31  5  2
 19 34 92 66]
[78 92 66 82 93 63 94 98 98 96 34  2 20 47 27 84 17 14 82 33 72 57 90 89
 52 57 45  4]
[17  1 28  7 16 44 88 84 19 12 61 81 72 73  3 54 51 32 81 66 70 44 96 89
 50 56 47 58]
[63 47  9 49 36 41 37 90 22  9 19  9 16 61 99 95 81 92 72 29 39 14 19 25
  6  5 42 26]
[71 87  5 27 63 12 21 18 35 90 54 65 31  1 75 77 71 23  9  3 61 48 32 28
 94 91 73 77]
[49 30 10 19  8 17 51  5 64 88 27 42 66 28 78 99 40 41 55 65 55 56 49 58
  3  6 66 34]
[ 4  7  2 39  1 29 95 76 56 65 25 18 60 76 67 84 92 81  4 92 15 45 40 38
 41 54 97 95]
[75 93 66 64 30 46 38 34 15 30 30 11 77 31 20 21 27 60 89 48 72 38 25 27
 94 53 17 16]
[46 53 68 76 40 51 90 88 45 86 11 32 93 37 63 52  9 10  5 25  7  5 75 50
 14 11 74 47]
[50 45 70 94  9  1  9 40 15 11 45 47 49 60 28  4 22 86 42 39 53  9 30 39
 95 10 57 52]
[ 3 23 96 80  2  3 98 82  7 39 31  3 31 63 61 81 52 97 28  6 71 76 76 67
  4  7  2 14]
[13 28 43 54  1 24 75 91 96 78  2 39 75 15 36 39 15 52  9 19 88 60 48 40
 62 59  8 14]
[12 21 69 71 44 34 48  5  9  2  0 24 18 20 42  3 61 89 81  5  3 14 53 58
 47 54 15 27]
[43 42  6 24 52 71  9 73 99 75 22 17 50 36 67 76 47 49  2 31 79 92 28 96
 18 16 70 58]
[ 8 90 84 94 88 93 35 82 39 15 23 12 83 61  8 20 87 10 27 35 21 86 55 52
 37 42 26 25]
[ 4 10 95  8 14 21 70  4 70 83 42  5 52 76 58 72 92 28  5  0 21 24 23 70
 51 57 38 43]
[20 40 62 64 63 68  5 14 33 54 22 40 29 25 17 52 17 24 21 32 90 87 86  9
 12 15 14  6]
[71 85 16  7 83 72 58 80  8 31 18 45 57 24 85 71 18 11 57 73 90 79 22 32
 91 94 84 57]
[96 16 92 99 15 20 36 15 47  7 67 64 95 89 78 27 52 77 23 17 76 55 67 90
 54 85 16  3]
[83 76  3 95 55 28 86 74 66 16 13  7 85 84 65 32 68 70 73 24 65 59 73 61
  1 38 46 60]
[ 9 33 63 34 45 74 93 69 85 95 44 42 16 13 12 32 91 93 39  7 99 98 24 18
 37 72 17 34]
[ 4 14  5 15 54 43  7 20 56 74 44 41  4 60 77 85 48 63 74 77  6 33 19 21
 70 43 36 41]
[91  4 29 32 14 12 36 61 70 32 81 44 22 62 19 26 52  9 19 14 81 67 98 93
 86 74  8 14]
[80 87 28  7 79 14 63 59 11 85 73 83 43 23  6  7 10 23 34 29  0  8  4 96
 97 84 49 35]
[85 80 53 17 35 33 73 57 61 70 64  6 20 12 68 79 40 65 74 71  6 12 96 39
 27 32  7 93]
[18  5 19 14 20 99  8 12 17 61 30 26 15 54 61 64 68 73 84 43 59 87 43 38
 77 89 95 64]
[76 78 64 10 17 24 68 51 64 75 13 51 34 33 30 39 96 23 86 84 58  6 12  6
 29 27 81 66]
[75 92 76 74 34 64 35 46 95 28 98 92 30  0 45 32 67 99 33 67 22 63 80 60
 98 82 17  9]
[57 25 29 39 71 30 43 92  7 13 58 53 10  3 32 41 19 18 66 16 30 28 42 47
 84 99 22 28]
[75 71 16 15 48 56 16 69 29 13 40 41 66 68 36 64 13  4 93 87  2 16  9  6
 99 96 58 59]
[73 56 11 31 13  8 49 27 85 92 43 60 73 72  1  3 33 47 68 44  2  5 59 70
 49 29 31 27]
[85 83 96 24 35 12 25 44 82 47 21 17  4 46 50 63 80  6 84 86 99 48 12  3
 48 72 32 61]
[27 52 67 92 46 85 17 26 93 62  1 14 74 16 46 40 13 76 53 50 39 29 20 27
 17 31 66 67]
[16  4 99 25 49 32  5 91 79 71 92 13 81 85 38 25 71 58 19 14 51 56 97 46
 29 32 64 74]
[37 38 52  7 56 81  0 34 25 26 88 30 64 77 80 36 90 85 36 91 45 44 38 46
  0  8 93 41]
[74 89 70 61 46 87 29 31 46 15 69 97 46 33 49 32 75 99 31 51 70 81 13  1
 69 59 68 97]
[16 10  0  9 98 16 64 80 98 50 18 15 57 59 80 90 37 24 31 43 75 22 48 61
  5  7 77 29]
[26 10 30 16 15 11 78 61 22 25 63 50 54 32 84 79 79 28 74 66 43 73 61 40
 99 76 16 32]
[15 34 74 10 70 85 97 96 57 97 64 75 13 25 88 97 54 57 50 18 77 96 18 21
 55 86 58 62]
[82 24 26 32 69 76 35 65 49 99  8 16  9 16 61 48 16  5 13 29 19 99 96 93
 30 21 24 18]
[15  8 29 22 70 66 28 91 51 24 12  1 17 16 25 22  9 28 76 63 90 96 32 93
 44 32 21 57]
[52 85 80 99 15  8 26  5 16 20 25  1 89 39 18 12 98 24 78 58  5 13 97 62
 50 38 53 35]
[68 90 12 36 57  4 55 54 47 55 66 56 95 93  3 49 63  4 86 81 70 57 62 63
 38 15 10  4]
[27 77 13 24 29 28 30 52 32  2 10 53 14 79 34 70 57 40 22  1 64 48 66 18
 85 32  4 81]
[66 55 19 44 98 28 51 20 43 50 70 88 33 90 27 84 77 41  4 73 38 64 65 44
 45 47 63  7]
[99 54 13 32 54 96 37  9 87 45 72 24 60 52 35 62 30 64 25 29 24 28 32 30
 44 34 21 69]
[70 30 68  3 60 59 34 22  9 92 32 41 18 88 55 38  1 95 70 54  7 17 99 51
 20 57 69 55]
[78 81 28 37 63 75  4 65 38 33 18 11 28 32 21 77 89 13  3 67 36 85 47 10
 32 79 21 85]
[47 63 31 26 26 75 27 70 71 96 62 30 30 20 43  0 85 31 95 93 81 64 38 87
 84 37 21 64]
[20 61 18 64 85 29 91 16 43 10 67 83 98 31 65  6 48 95 66 59 22 10 49 99
 92 63  9 50]
[14 17 34 19 38 40  5 49 42 67 52 83 87 82 58 39 91 90 36 74 77 52 37 53
 84 87 11 81]
[96 19 89 54 28  9 74 12  0 35 41 52 48 66 16 84 15 57 85 56 19 22 98 13
  1 32 68 40]
[84 70 70 27 89 45 50 71 28 27 49 16 13 88 70 85 66 37 30 28 65 98 91 85
 32 13 32 82]
[68 61 78 87 32 87  0 66 21 40 61 59 90 15 38 44 85 47 17  0 68 47 21 19
 69 70 20 71]
[81 42 35 59 54 77 38 97 50 18 49 31 70 33 77 14 48 18 43 92 86 18 58 43
 83 36 86 87]
[60 14 47 24 66 12 88  3 95  5 35 11 25 85 43 51 29 92 87 47 29 98 92 17
 40 65 28 98]
[43 90 82 80 79 58 86 81 11 12 12 25 16 74 29 82 59 74 92 21 42 18 13 94
 16 72 62 71]
[87 81  6 27 62 70 40 43 49 55 35 97 27 99 92 22 60 32 60 38 69 31 12 66
 60 65 14 39]
[96 49 88 59  9 67 52 53 94 43 69 82 28 48 26 32 76 57 45 38 65 41 73 40
 12 40 10 93]
[52 59 90 13 13 21  8 71 21 87 11  7 13 24 21 42 46 16 79 93 75 23 51  7
 19  2 47 67]
[ 1 45 26 42 21 65 56 96 75 30 11 30 77 59 14 68 54 64 69 20 18 21 74 34
 35 16 15 56]
[21 45 41 23 44 50 29 44 70  2 35 94 11 32 98 64 85  9 86 10 92 16 37 42
  9 10 33 23]
[89 73 48 55 81 46 29 42 50  5 66 61 82 74 69 45 23 66 73 29 68 27 45 67
 79 11 92 27]
[15  8 12 76 27 26 88 30 45 12 97 31  1 28 79 18 70  8 49 16 70 16 58 36
 46 18 83 37]
[10 89 69 29 18 29 70  3 78 26 33  2 86 30 25 62 76 98 97 17 61 82 94  1
 30 21 25 38]
[84 71 90 82 33 43 44 42 43  1 51 62 71 96 30 84 79 81 43 83 39 61 19 74
 46 80 98 60]
[75 70 84 41 53 25 28 29 85 19 62 64 51 33 75 12 71 50 74 92 19 71 42 55
 85 48 43 15]
[91 57 82 40 68 25 26 63 27 71 57 15 53 64  8 45 94 51  1 58 67 16 71 41
 10 64  8 64]
[95 54 86 65 58 43  6 97  2 41 57 96 44  1  2 61 71 54 50  0 42  6 21 51
 85 61  1 86]
[15 45  7 12 30 53 17 21  0 53 76 69 30 13 38 93 35 81 41 90 81 91 61  9
  5 77 65 14]
[52 73 73 32  6 14 63  6 84 43  3 58 28 76 95  5 62 10 67 69 69 61 41 24
 33 80 26 39]
[ 6 18 27 46 51 31 50 85 63 84 67 29 56 37 55 51 76 96 86 61 72 82 41 90
 91 90 82 46]
[91 26 77 63  4  6 17 89  7  3 36 59  3 37 51 81 16 62  5 35  7 90 23 44
 68  4  3 15]
[76 45 25 83 93 70 38 90 55 87 78 38 96 50 61 50 35 53 73 27  6 43 80 83
 26 99 70 89]
[71 23 16 44 43 65 46 55 76 99 55 67 58 82 67 85  5  0 74 15 47 68 36 93
 50 18 77 48]
[99 13 95 79 27 94 98 34 80 38  9 26 95 63 74 29 83 66 12 21 37 21 97 83
 85  8 49 38]
[20 46 98 70 36 56 99 40 51  0 57 82 62 63 65 47 97 75 40 94 78 73 74 76
 73 48 64 17]
[98 55 74 89 54 96  1  6 80 79 26 36  0  3 74 90 31  0 48 98 53 67 81 36
 37 74 40 85]
[53 60  5 45  2  3 32 76 56 72  5 15 44 35 64 49  9 15 29 57 20 15 96 84
 49 18 16 51]
[23 46 68 69 36 61 69 96 50 20 34 54 95  3  6 81 36 40 22  2 12 45 32 58
 92 35 15 93]
[72 24 46 98  7 74 79 64 72 18 43 38 44 17 40 21 18 25 42 44 85 60 93 77
 91 63 85 93]
[18  8 63 67 94 33 10 48 96 28 13 30 10 62 85  7 66 84 77 94 68 58 19 34
 57 93 79 47]
[33 80 57 69 96 57 86 24 11 51  5 66 80 49 55 62 24 36 10  3 61 58 78 37
 73 98 24  4]
[70 15 98 90 80 37 13 81 18 86 56 22 21 68 29 55 95  8 93 22 83 58 41  8
  1 12 66  9]
[51 21 70  2  5 94 82 18 72 89  3 66 71 29 59 39 97 94 15 42 11 38 21  6
 58 60 56 63]
[40 26 71 63 84 49 84 98 34 28 45 44 44 15 37 45 89 24 65 70 46 79 60 67
 74  7 82 70]
[65  3 79 17 17 22 41 44 74 98  0 97 52  5 18 33 70 21 91 77 20  0 77  4
 45 55 82  4]
[76 48 56 16 86 91 27 81 84 44 51 64 31 70 21 57 39 34 73 99 56 31 93 76
 74 31 81 42]
[10 87  9 57 92 10 40 55 38 36 13 57 47 71  3  6 32 96 86 93 54 75 18 44
 49 30 85 91]
[31 98  5 39 65 38 71 47 10 93 53 98 58 43 19 35 14 42 51 71 77 91 24 99
 52 15 82 72]
[ 7  4 29 34 55 57 51 20  0 49 11 79 86 88 59 66 31 41 33 72 10 36 30 86
 60 74 34  3]
[40 43 48 94 34 96 66 97 51 79 80 61 56 29  7 33 28 46 87 67 38 31 82 80
 96 15 85 77]
[ 2 37 34 11 76 89 89 93  9 53 57 65 51 17 51 13 84 83 16 10 70 77  8 17
 53 73 55 50]
[41 25 80 52 12 64 91 51 93 91 75 28 99 58 75 46 81 26 43 10 69 73  4 39
 43 28 60  0]
[86 72 92 16 54 52 96 28 66 15 64 12 83  6 75 79 13 28 43 41 47 45 98 21
 18 28 72 66]
[25  2 44 14 20 91 27 33 78 99 15 83 46 31 15 31  4 16  1 41 43 66 84 73
  3 28 35 70]
[11 13 27 67 92 52 77 80 39 62 38  3 64 29 74  5 97  8 71 41 50  9 36 12
 59  2 89 42]
[42 18 88 49 87 22 96 24 57 56 62 88 16 90 31  0 70 18 99 30 89 11 80 37
 16 85  4 60]
[92 34 66  3 85 48 68 48 48 67 56 71 21 63 62 63 91 81 25 68 33 38 15 88
 85 59 47 58]
[23 16 20 53 13 89 53  7 52 28 60 23 58 59  3  9 29 10 50 53 31  4 96 71
 75 49 54 93]
[ 1  3  8  1 24 95 50 89 92 15 13 91 78 34 11 17  0 12 93 56 31 22 76 84
 91 23 60 34]
[ 2 57 15 45 35 24 65 66  5 43 10 46 99 23 82 87 61 89  1 78 77 32 31 42
 49 89  4 67]
[47 14  4 88 88 10 72 25 65 71 57 91 52 12 70 53 39  3 83 30 34 17 61  7
 63 11 55 29]
[26 31 59 41 44 52 82 88 11 37 29 13 98 18 16 72 91 98  4 11 77  6 90 81
 56 27 18 94]
[76 40 37  2 18  4 27  9 71 45 77 31 78 80 20 56 65 77 43 64  0 62 30 73
 89 25 89 17]
[21 72 52 40 92 68 79 21 19 22 86 24 80 16  4 44 40 36 64 55 58 37 24 45
 82  5 63 94]
[15 39 98 99 23 39 40 11 45 10  0 93 55  1 31 22 68 26 97 21 45 78 16 45
 18 14 53 42]
[32  4 81 98 37 49 68 74 31 57 49 41 46 42 33 79 64 91 43 13 99 71 85 22
 43 18  1 80]
[53 28 74 62 97 18 15 26 76 90 72 55 97  8 98 41 51 72 73 81 79 80 32 12
 41  1 77 19]
[22  3 56 84 97 83 29 46 98 33 98  9 53 49 31 14 32 20 45 42  6 64 50 32
 95  6 86 88]
[20 15 50 47  2 76  6 69 19 97 11 93 63 99  6 72 73 70 16 73 15 75 87 75
 80 85 73  6]
[43 79 98 18 51 92 18 58 18 98 43  1 46 69 29 40 14 26 32 59 75 10 72 84
 13 29  2  9]
[53  8 53 54 16 21 11 34 24  2  6 79  2 18 93 86  8 98 17 92 82 42 72 60
 72 69 96 25]
[12 52 53 35 67 47 45 44 57 38 37 90 71 68  8 72 39 27 33  6 83 58 69 56
 44 86  6 81]
[32 58 67 24 52 36 55  8 18 13 74 47 81 28 93  9 32 65 58 25 47 35 67 53
 54 94 51  6]
[79 39 72 16 34 82  1 94 10 21 77 97 96 89 48 55 49 99 97 19 55 11 43 26
 64 18 48 77]
[31 97 80 35  1 78 12 36 84 29 97 53 28 78  5 29 77 34 53  9 31 18 19 10
 44 90 12 82]
[48 63 48 10 60 74 20 92 30 36 73 28 10 24  2 42 55 18 23 62 32 46 14 12
 16 48 69 77]
[37  2  4 69 63  7 77 79 61 91  8 71 92  8 97 39 41 14 74 90 48 20 71 13
 75 41 45 87]
[65  1 56 71 51 29  4 47 75 39 89 94 84 43 57 20 94 52 88 43 13 88 74 46
 18 69 18 19]
[12 96 58 34 47 54 66 60 86 40 79 10 66 34 63  1 50 72 63 33 51 31 89 50
 22 75  6 97]
[40 14 84 79 32 90 11 60 36 89 33 56 66 77 92 99 82 40 65 25 44 50 16 17
 93  6 37 91]
[91 63 11 74 59 81 19 90 15 95 91 93  7  6 21 39 10 62 46 21 89 58  0  7
 56  8  3 53]
[25 15 56 10 38 28 17 30  9  4 74 71 12 41 74 16 40 10 38 79 40 26 88 52
 15 52 84 80]
[19 76 43 94  8 70 19 96 65 30 50 36 94 57 97 82 59 25 22 57  1 90 39 64
 92 17 93 13]
[11 77 51 69 11  8 60 96 74 39 86 11 16 19 49 68 30 55 15 36 19 56 22 38
 94 59 99 24]
[47 29 76 99 65  5 59 69 31 52 72 79 47 58 38 40 55 11 81 75 32 61 50 91
 23 45 79 80]
[81 59 38 35 35 95 10 86 45 57 43 47 84 42 73 39 88  5 84  6 53 91  0 51
 85 15 32 80]
[56 66 79 90  0 72 91 98 16 66 78  9 11 68 16 21 31 63 15 24 84 95 20 37
 40 66 16 98]
[18 30 58 57 27 41 32 23 28 72 12 68 93 84 62 57 53 61 15 24 80 62 87 43
 28 98 68 33]
[ 4 22 16 56  1 54 43 62 37 32 67  7 81 41  2 28 85  4 87 85 29 79 11 52
 75 80 84 18]
[16 58 65 89 23 72 22 76 41 84 10 24 60 98 58 48 96 60 88 66 36  2 62  9
 17 71 68 56]
[62 99 60 34 42 73 54 91 80 60 24  2  3 10 86 24 72 37 94 39 83 27 57 11
 31 82 63 25]
[ 4 50 50 61 84 87 47 35 72 35 94 52 58 77 10 70 91 94 50  0 91 33 50 49
  6 12 32 33]
[19 74 21 93 57 76 22 52 20 32 14 40  6  7 14 16 90 11 54 43 66 50 36 43
 63 15 70 25]
[60 53 18 55 85 58 25 30 86 83  6 79 54 98 79 41 48 61 99 66 47 54 48 15
 37 36 34 71]
[49 77 77  6 94 72 79 96 21 39 43 88 80 27 27 12 56 53 52  6 88 81  8 64
 39  4 50 19]
[72 55 85 63 41  0 21 14 23 81  1 98 10  8 92 70 42 58 20 51 39 92 35 31
 78 31 85 20]
[51 45  3 15 14 97 81 66 56 19 60 59 11 45 94 36 56 87  2 49 76 63 93 89
 36 33 13 73]
[24 32 99 42 41 34 53 20 90 83 81 68 10 65 52 43 99 73 78  9 28  0 26 36
  7 25 52 37]
[15 73 34 55 52  3 91 43 16 59 38 59 69 50 93 36 85 79 65 50 28 81 17 46
 67 94 47 26]
[47 78 97 87 28 72 77 83 19 57 70 81 80 61 48 88 68 17 63 97 55 80 97  5
 21 74 97 57]
[74 18 99 98 44 23 38 80 28 98 62 70 61 97 60 35 83 19 83 76 30 58 17 27
 33 79 36 15]
[91 73 75 45 92  6 68  2 11 52 81 68 29 75 43 56 19 35 92 67 41 15 87 89
 33 61 94 99]
[30 47 26 12 51 83 74 84 43 26 74 34 32 59 96 45 99 46 22 97 64  2 82 61
 56 34 10 54]
[72 57  6 56 88 82 86 78 63 53 58  0 95 91 83 46 97 15 13 77 28 30 33 11
 42 45 40  3]
[66 99 14 95 48 37 45 32 99 41 45 65  3 97 20 53 66 99  6 30  6 38 37 10
 70 82  1 14]
[35 14 81 75 54 35 74 80 77 38 55 32 66 25 50 38 89 20 54 84 60 15 84 71
  6 72 11 73]
[57 52 29 86 29 31 92 35 96 29 42 36 72 18 42 66 63  2 74 67 15 78 26 42
 44 27 26 20]
[ 5 40  5 37 28  4 14 99 90 79 58 22 42 63  9 63 32 16 74 45  6 99  8 57
 75 35 21 57]
[43 84 55 60 11 86 20 42  6 86 60 40 52 71 23 36 46 69 89 20 38 41 41  8
 96 40 79 99]
[73 12 39 91 29 34 51 90 46 13 72 97 70 90 44  9 30 44 31 69 46 24 28 91
 91 63 74 79]
[37 81 10 56 55  3 60  5 89 81 81 40 31 10 54 93 93 64 26  6 81 67 44  4
 67 25 67 52]
[20 32 66 61 10 23 46 28 20 49 87 40 82 99 47 53 96 19 83 94 87 72 32 62
 88 29 22 76]
[51  2 57 52 40 43 47 59 15 62 19 33 72 56 48 81 89 69 75 27 87 23 35 14
 50 15 73  5]
[19 15 48 80  6  0 64 68 77 68 73  1 11 17 82 78 65 77 47 31 98 14 83 16
 70 96 20 23]
[89 61 69 25 11  2 28  1 34 65 25 77 26 54 69 27  7 30 87 19  0 49  9 71
  9 61 26 64]
[41 62 57 45 46 89 19 78 37 58 22 86 61  7 58 82 86 67 25 72 50 37 16 99
 93 71 81 88]
[15 56 13 47 63 94 46 62 47 57 93 53 86 51 54 20 50 61 36 78 94 87 73 35
 99 45 69 60]
[34 56 71 64 41 49 81 35 45 83 54 98 43 89 75 60 67 59 64 65 38 32 39 26
 26 93  6 48]
[70 15 58 52 96 16 74 88 19 63 82 15 26 31 29 46 24 77 86  3 43 28 92 61
  3 91 89 19]
[23 96 19 37  1 47 34 15  6 22 82  8 21 24  9 87 21 34 25 56 27 73 44 89
 83 21 48 75]
[79  3 14 44 15 47 28 54 71 79 41 71 32 83 93 36 78 88 68 43  7 61 78 55
 31 59 36 26]
[98 38 41 59 21 82 15 38 11 26 85  5 54 27 77 21 49 18 60 49 32 93 89  0
 36 70 71 61]
[52 66 95 61 77 50 34 57 81 53 74 78 96 51 85 15 94 63 42 10 36  0 76 14
 45 86 50 43]
[21 14 42 40 72 26 44 35  0 19 27 21  4 54 51 24 52 60 45  7 96 65 20 29
 92 11 50 74]
[10 54 57  4 55  0 20 94 28 79 27 40  1 76 74 13 43 64 46 87 14 96 71 93
 57 83 23 13]
[47 57 70 83 65  3 26 85 36 12 40  5 60 38 10 43 35 34 77 65 62  4 60 47
 84  4 50 85]
[68 39 31 81  0 66 98 94 83 64 48 85 38 84 25 86 47 37 78 59 61 55 20 77
 62 18  0 81]
[36 18 96  2  9 19  6 13 40 12 61 33 38 92 19  0  6 48 82 50 36 61 79 65
 28 70 18 57]
[ 3 15 28 80 17  8 84 43 15  5  6 38 50 58 99 22 98 61 72 43 28 93 64 32
 11 31 10 56]
[ 1 92 79 87 24 39 26 47 35  9 14 57 21 18  4 66 59 31 82 24 93 20  1 25
 87 16 70 58]
[56 83 53 14 18 92 11 97 58  9 89 35 65 31 70 93 21 56 97 71 18 79 55 23
 40 22 37 35]
[93 26 52 93 91 22 10 24 38 26 38 32 48 12 91 28 71 97 92 50  9 54 48 79
  1 65 10  8]
[92  0 37 21 83 90 70 13 29 76 61 64 82  3 28  7 29 89 52 15 81 21 34 80
 97 57 72 95]
[76  7 90 62 88  5 40 23 18 50 64 38 32 45 67 38 80 58 20 70  3 54 98 91
 92 73 26 20]
[56  4 67 76 36 48 63 83 58 60 57 82 23 79 74 56 43 65 27 79 54 10 35 95
 35 61 71 76]
[81 64  6 95 19 99 65 76 36 47 61 49  6 38  8 16 75  3 41 81 88  8 27 30
 68 31 29 73]
[27  4 44  1 54 44 75 60 79 30 87 41 31 17 47 12 87 46 69 86 15 79 84 56
 91 89 20 75]
[49  1  1 52 55 22 37 97 90 47 52  0 90 50  7  4 91 40 12 53 36 82 67 32
 38 61  3 52]
[15 74 71 98 42 48 93 23 69 66 88 49 75 19 36 92 61 43 77 38 31 92 43 45
 63 23 56 86]
[35 47 74 38 95 56 51 77 94 92 67 65 60 11 99 27 44 69 75 91 42  4 94 98
 46 68 95 98]
[13 68 84 58 21 47 85 70 97 77 87 48  3 67 77 97 18 32 69 60 18 12 45 91
 38 66 87 19]
[97 82  6 58  4 43 19 62 59 50 71 36 79  6 69 22 78 68 47  5 87 82 29 48
 78 71 47 74]
[59 43 97 27 73 31 22 70 77 99 62 93 24 15 54  3 25 89 98 53 90 98  4 36
 95 42 46 89]
[ 5  2 33 53 41 69 85 25 10 31 86 57 63 56 87 11 64  4 56 59  7 94 97 86
 25 73 31 96]
[66 78 63 86 70 62 94 37 39 57 58 38 46 73 54 23 35 87 76 38 91 72 68 42
 68 76 73 37]
[91 34 54 35 64 79 45 48 83 47 36  6 38 43 87 85 64 26 24 68 57  0 25 40
 49  9  4 43]
[67 29 19 18  2 60 52 69  8 74 48 67 48 97 76 58 19 51 67 99 45 67 95  4
 46 79 52 68]
[93 80 16  4  7 29 12 86 17 55 33 92 52 15 86 58 93 52 43 75 38 34 22  8
  3  5 54 92]
[80 43 47 42 80 82 49 81 80 98 87 42 95 43 16 82 35 36 56 84 76 34  1  2
 31 75 79 24]
[19 36 97 88 99 62 90 13 62 90 10 49 34 73 38 24 93  8 99 16 50 80 99 36
 69 12 28  3]
[94 75 88 69  9 50 84 34 22 64 12 42 25 85 96 49 75 20 48 98 61 18 90 53
 89 66 96  9]
[16 51  2 31 35 42 70 15 93 67 17 19 87 40  5 24 26 89 37 23 28 41 85 47
 92 59 52 82]
[33 56 27 95 59 74 68 46 63 41 27 68  7 16 92 51 48  9 93 84 18 89 27 50
 70 68 84 99]
[19 72 17 32 83 70 82 56  8 17 84 78 80 91 20 34 30 76 84 15 51 77 12 66
 87 91 95 99]
[50 78 95 18 23 83 62 70 42 33 82 98 93 87 19 33 36 39  5 48 52 77  2 43
 55 58 89  4]
[74 26 95 90 11 72 68 39  6  2 36 10 31 64 33 82 92 81 98 14 73 91 20 60
  5 46 31 97]
[57 70  5 50 71 66 99 41 27 92 77 16 33 61 93  6 91 32  0 65 32 57 96 63
 57 95  6 74]
[16 84  2  6 97 30 29 38 20 62 74 72 49 18 73 41 25 99 36 92 80 41 61 44
 93  8 27 50]
[45 80 47 18 17 90 81 97 96 95 48 49 60 22 79 98 76 84 85 89  3 68 37 62
 99 19 98 38]
[29 28  5 34 68 24 55 83 26 81 87 75 67 13 48 45 76  8 32  9 67 36 99 53
  8  9 50 40]
[18 34 37 64  2 31 91 33 55  7 57 21 23 44 38 35  9 59 26 46 91 36 57 30
 65 59 22 37]
[40 96 89 43 13 68 92 44 12 85 60 83  4  0 57 78 50 13 63 91 70 18 17  5
 62  2 84 62]
[50 87  3 89 97 50 59 58  4 18 40 39 33 24 44 48  5 59 93 92 82 79 33 51
 47 63 16 14]
[50 30 21 93 62 92 18 43 76 78 32 60 26 61 87 36 93 81 74 19 78 31 79 36
 34 58 72 67]
[94 96 95  6 69 62 16 25 63 78 81 94 83 26 64 44 60 29 57 37 90 81 74 69
 80  6 41 22]
[27 53 77 16 44 26 28 10 85 76 22 96 13 60 13 16 80 95 58 95 20 16 62 93
 26 72 15  3]
[92 29 39  9 99 89 94 11 52 64 40  4 91 79 80 92 13 58 63 88 52 91 68 99
 42 52 15 81]
[38 47 78 64 34 66 61 49  1 48 31 23 17 44 81 92 90 13 13 25 93  7 39 51
 84 42 21 62]
[91 18 78 53 86  9 87 81 88 80 10 23 79 60 56 81 73 96 14 89 80  6 19 49
 26 58 39 78]
[75 20 26  6  0 15 88 16 90 96  9  1 89  0 82 13 32 94 84 68 52 96 36 29
 76 50 97 66]
[38 48 54  5 63 21 16  1 84 68  7 94 10 69 70 61 61  7 75 18 57 98 31 40
 75 83 75 33]
[11 37 50 38  1 68 40 46 80 78 82 95 86 45 48 98 11 96 44 43 16 46 97 55
 13 93 51 14]
[ 8 99 11  3 51  9 21 43  7 71 20  5 99 92 38 28 48  7 80 30 10 88 28 69
 51 17 80 88]
[70 33 54 55 81 69 56  6 35 98 87 52 87 84 66 99  1 36 82 26 60 74 19 17
 98 81 18 59]
[43 81 89 84 46 57 17 76 29 78 97 69 74 18 67 60 62 99 34 10 31 67 55 88
 69 95 31 61]
[89 29 37 15 77 58 46 95 41 43 10 26 20 82 94 49 62 70 34 51 49 73 44 85
 45 17 96  6]
[33 74 29 33  4 89 36 21 40 14 50 18 60  1 44 84 46 19 90 60 12 80 42 39
 13 34 20 59]
[31 92 91 61 25 23 58  0 48 40 57 23 71 13 12 49 69  5 75 15 49 82 50  4
 46 65 89 84]
[43 44  1 25 95 14  6 67  7 95 25 46 71  9 37 23 27 55  2 86 62 84 45 58
 43 41 65 36]
[83 90 32 37 17 25 95 71 48 77 46 62 91 97 52 81 79  5 70 93 33  9 81 78
 40 99 64 94]
[68  5  2 49 76 32 97  5 60 71 98 70 55 38 29 93 42  5 60  9 67 70 20 66
 31 50 41  5]
[67 65  0  6 40 46 46 25 72 20 86 87 14 94 25  5 55  2 78 59 25 22 90  8
 56  2 86  3]
[87 70 89 32 34 55 84 24 30 40 33 67 43 61 87 69  3 18  7 76 76 71 14 67
 90 49 52 46]
[36  9 27  6 72 63 97 34 52 25 97 44 73 27 99 66 83 24 81 20 60 43 60 94
 28 18  4  2]
[60 86 60 72 20 98 12 70 20 37 15 26 31 32 82 63 55 94 92 13 51 60 82 34
 13 77 48 34]
[84 78 88 48  4 60 15 27 37 72 44 89 65 95 70 22 12 89  4 78 72 56 29 44
 30 61 53 73]
[99  5  6  4 84 78  0 82 88 50  8 33 84 58 92 14 92 99 70 74 83 32 61 58
 66 95 98 81]
[27 97 77 80 47 87 27 48 76 56 98 41  7 83 41  5 95 19 47 40 91 61 69 41
 26 22 18 43]
[46 68 98 23 15  8 20 77 95 38 46 40 10 20 14 36 95 10 50 86 12 87 48  5
 50  3  4 24]
[19 56 30 68 64 97 14 69 51 93 58  6 40 41 63 43 19 74 64 94 12 80 25 42
 40 88 39  6]
[72 14 16 79  9 85 62  5 77 55 78 13 19  8 57 91 14 57 91 87 81 19 47 17
 54 39  5 62]
[78 88  8 37 18 98 19 25  0 95 84 81 83 74 61 67 30 49 34 89 26 13 39 21
 92 46 63 97]
[71 88  5 49 89 30  6 86 10 50 63 55 41  3 71 51 56 14 98 71 11  2 59  5
 30 49 79 23]
[15 41 85 16 34  7 80 29 62 47 91 99 27 64 30 60 35 11 45 67 52 62 63 57
 20 17 43  5]
[ 8 26 68 20 20 37 76 44 70 34 84 90 36 95 36 13 56 52 70 95 75 97 91 31
 37 47 63 57]
[33 29 20 63 96 11 65 24 87 89  5 17 36 86 23 51 54 58 69 45 60 39 92 27
 57 55 64 53]
[42 31 24 10 36 25 58  9 57  5 23  7 52 14 72 60 51 55 55 53 35 20 75 32
 65 84 74 31]
[91  1 56 19 76 49 96 47 52  5 27 95 34 19 75 57 54 21 58 76 94 85  6 64
 68 61 87 91]
[ 1 86 16 22 72 60 28 92 34 96 83 39 47 75 79 85 99 41 27 35 29 97  3  5
 20 22 47 60]
[41 61 97 32 23 25 35 16 65 73 94 52 26 38 27  7 79 54 43 73 19 73  0 98
 78 57 80  0]
[75 48 51 70 24 43 17 24 90 60 75 69 59 68 96 31 85 72 75 79  3 91 26 59
 44 71 92 10]
