-1000.0
-1000.0
-1000.0
-990.0990099009902
-990.0990099009902
-985.2216748768473
-980.3921568627451
-975.609756097561
-975.609756097561
-975.609756097561
-975.609756097561
-970.8737864077669
-966.1835748792271
-966.1835748792271
-966.1835748792271
-961.5384615384615
-952.1904761904761
-938.7793427230047
-930.046511627907
-930.046511627907
-930.046511627907
-930.046511627907
-930.046511627907
-930.046511627907
-930.046511627907
-930.046511627907
-930.046511627907
-921.4746543778801
-921.4746543778801
-913.0593607305937
-913.0593607305937
-913.0593607305937
-908.9090909090909
-900.7207207207207
-896.6816143497758
-892.6785714285714
-888.7111111111111
-884.7787610619469
-884.7787610619469
-880.8810572687224
-869.3913043478261
-865.6277056277056
-865.6277056277056
-854.5299145299145
-854.5299145299145
-854.5299145299145
-850.8936170212766
-850.8936170212766
-850.8936170212766
-850.8936170212766
-850.8936170212766
-843.7130801687764
-840.1680672268908
-840.1680672268908
-836.652719665272
-836.652719665272
