[ 4 65 50 19 73  7 45 25 74 25 14 25 34 50 74 15 37 25 63 25 17 25 69 38
 20 10 41 50 16 20  9 42 51 23 25  8  0 93 15 66  1 39 25 55 25  5 75 25
  2 40  6 42 20 38 50 13 40 20 20 99  3 25 39 52 20 16 50 50 10 39  2 50
 50 10 20 11 33 50 37 20 12 50 13 25 58  0 25 25 13 80]
[ 9 38 46 22 49 17 25 58 53 31  8 25 46 48 49 14 25 50  2 35  1 50 25 78
 25  0 55 28 25 58  7 37 58 23 37  6 62 20 23 38  3 25 50 60 41 13 37 54
 23 49 16 25 40 35 49 15 50 25 10 52  5 72 41 25 27  4 50 40 34 39 10 64
 23 10 62  2 50 50 10 53 11 39 25 33  1 12 24 65 41 20]
[ 7 50 54 18 41 11 28 33 57 62  6 30 27 76 27 14 25 57 58 48 13 50 31 69
 10  9 74 33 10 43 15 34 69 33 20  1 35 52  3 13  8 36 25 31 51  5 55 44
 10 34 10 53 33 10 78  4 25 50 52 20  3 25 36 34 34 17 25 50 70 39  2 14
 25 46 47  0 27 46 43 26 12 71 31 14 64 16 32 50 28 39]
[ 2 25 28 46  6  9 25 38 14 60  1 25 25 35 24  7 69 50 10 15 16 25 58 10
 31  3 25 48 25 47 10 25 13 15 40  4 27 48 31 25  6 50 20 45 13  5 40 50
 55 14 11 50 45 35 25  8 44 50 16 40  0 26 25 16 70 12 50 35 20 17 17 16
 25 25 54 13 35 45 25 25 14 39 12 25 11 15 25 15 50  8]
[ 1 65 25 25  3  3 25 25 50 70  8 25 50 60  1  7 25 45 35 35 12 25 35 15
 17  6 50 25 33 20  5 75 11 10 53  0 40 25 14  1 13 14 35 50  6  9 50 25
  9 45  2 50 28 10 16  4 40 25 38 34 10 50 25 45 15 11 35 40 10 50 15 50
  8 20 81 14 50 25  6 11 16 35 45 34 44 17 34 25 39 25]
[ 3 25 47 38 48  7 25 45 35 25  6 25 45 11 69  4 28 25 10 50  8 55 50 30
 25  5 50 25  1 36  9 50  1 25  1 10 25 24 25 44 11 36 25 29 50  2 25 25
 10  1 12 30 27 34 25 13 29  5 25  6  1 50 38 45 50  0 49 45 25 25 14 12
 60 12 50 15 25 23 35 10 16 31 30 49 25 17 45 17 16 14]
[14 25 20 25 55 13 25 48 13 39  4 35 50 34  5  7 30 25 79 25 10 25 25 25
 10 12 50 20  5 29 15 37 10 48 25  6 25 40 25 25 16 26 35 45 16  8 20 50
 25 25 11 50 60 45 16  9 50 10 34 39  5 35 25 25  1  3 25 25 50 25 17 36
 31 24 37  2 25 25  8 45  1 25 50  9 12  0 50 25  1 27]
[ 7 25 25 40 25  0 25 50  2  5 14 25 16 25 34 13 25 25 25 25  8 35 25 23
 45  6 25 98 25 25  1 31 59 29 12  5 25 25 25 90  9 50 25 10 99  4 25 69
 11 37 17 25 10 25 54  2 25 40 58 30  3 48 25 71 36 10 50 10 80 25 12 50
 50 50  2 11 50 35 35 20 15 50 54 26 28 16 41 33 19 56]
[  7  25  43  55  35  10  25  13  25  25  12  25  33  29  33   1  25  76
  25  43  11  34  29  25  11   2  25  25 100  20   9  25  25  50  50   4
  25  45  50   8   8  45  25  15   8   5  50  25   5  39  13  19  33  43
  30   6  50   1  50  40  14  30  30   1  14  15  25  40   8  25   3  30
  45  25  13  16   5  20  27  50   0  50  50  35  20  17  13  69  20  20]
[ 9 40 58 37 25  7 46 25 15 35 13 25 25 25 11  1 25 37 59 33  2 49 50 36
  1 17 65 45 46 10  8 26 20  1 50 14 14 36 26 40  5 25 11  6 37  3 59 25
 17 50 11 60  8 21 73 15 25 10 20 25  6 50 25 12 28  4 41 25 10 14  0 31
 33 29 50 10 50  2 12 16 16 11 25  9  4 12 46 20  1 15]
[10 25 25  1 25 17 25 32 25 34  3 25 35 38 25 15 25 24 50 20  1 44 36 14
  5  7 75 25  4 34 14 25 50 59 75  0 50 33 17 14  2  7 41 13 25 12 50 50
 35 50 16 25 44 35 14  9 25 23 10 66  4 35 58 25 37 13 50 25 10 45  6 39
 50 71 31 11 40 50 25 20  5 25 50 10  8  8 44 15 12 46]
[ 2 25 25 45 40  7 25 20 20 47 12 25 42 60  1 10 25 25 50 65  6 50 50 10
 25  9 31  4 19 50  8 25 25 37 25 14 25  9 59 50 17 37 35  3 54  5 37  8
 13 62 11 40 50 50  4 13 20 43 40  7  4 50 31 34  1 16 62  9  8  4  3 35
 25 50 24  1 29 50 31 25 15 78  9 19 50  0 50 34 14 11]
[13 25 13  7 25  6 31 25 37 11  7 20 42 28 46  8 32 45 50 25 12 46 43 27
 10  5 34 50 10 25 14  9 25 67 25 11 25  6 25 25  9 47 25 37 44 10 72 31
 18 14  1 58 25 70 25  4 35 25 14 45  0 46 25 25 45 15 25 14 49 25  2 50
 50 16 33  3 31 50 39 40 16 30 39 55 35 17 50 25 25 50]
[15 55 25 27 12 11 25 25 65 25 14 50 25 34 25  5 75 23 10 20 16 26 37 13
 25  3 25 25 25 25 13 25 27 22 35  1 50 25 45 25 17 12 11 10 58  7 25 25
 91 25  4 25 48 17 22  2 25 50 70 20 12 22 50 38 16 10 50 38 10 25  9 69
 50  5 20  0 35 64 35 45  8 50 50 13 58  6 50  5 10 35]
[ 7 34 28 25 65  6 25 25 44 30  8 24 42 12 34  1 50 50 35 20 14 25 75 59
  1  5 50 50 10 25  9 22 25 11 25  4 25 35 51 35  2 50 53 10 20 10 25 25
 11 25  3 25 59 32 28 13 50  8 10 20 11 44 43 10  1 12  4 44 30  7  0 25
 70 35 25 15 25  5 49 24 16 25 29 44 60 17 50 10  2 79]
[ 1 44 50 20 45  3 50 25 50 25  7 45 25 35 18  6 46 50 25 23  8 25 43 50
 25  5 25 48 50 25  9 40 50 25 45 10 25 62 25 10  4 17 50 67  3 15 25 34
 12 25 14 32 50 50  5 11 50 28 29 67  0 50 25 75 25  2 29 50 34 20 12 44
  3 16 32 13 17 45 50 46 16 11 27 39 19 17 10 50 50 13]
[ 6 25 10 25 45 14 62 25 22  1  5 25 25 35  2  2 50 45 25 46  4 25 25 58
 25  7 45 46 25 49  8 35 46 25 49  9 25 40 23 25 13 25 50 28 50 10 58 36
 27 13 12 25 25 20 40 11 38 49 22 25 15 25 13 48 75  0 25 25 50 22  1 50
 43 16 13 16 58 29 27 14  3 58 50 61 35 17 25 69 25 20]
[15 50 25 10  7 14 25 34 25 75  6 25  8 25 75  7 20 65 25 30 13 34 25  3
 46  8 25 50 50 20  2 43 90 17 20  5 41 25 19 13 16 15 32 50 25 12 25 50
 44 11  1 50 25 30 50  9 40 25  1 34  0 37 40 13 25 11 25 44 30 25  4 25
 35  5  5 17 38 16 24 30 10 34 35  5 33  3 10 70  3 20]
[ 0 25 26 34 13  7 25 55 60 25 17 25 25 45 27 14 34 25 28 25  1 16 66 16
 29 10 34  1 16 25  6 25 50 35 45  9 67 16  6 25  8 50 25 25 13  5 50 50
 10  2 16 50 38  6 14 13 46 59 25  1  4 25 25 59 10 11 10 46 13 25 15 50
 26 35 25  3 25 25 35 45 12 25 37 25 33  2 15 25 10 50]
[ 2 25 25 43 46  0 25 45 60 12 15 25 69 23 11  7 25 26 60  5 12 25 25 25
 43  1 50 25 10 66 14 45 50 16 25  6 25 28 25 25 10 25  7 25 15  4 70 45
 14 35  9 32 25 38 40  8 50 25 17 70 13 49 50 27  4  3 33 50 44 20  5 50
 25 10 43 11 27  8 25 84 16 25 47 37 14 17 42 23 50 25]
[ 7 25  3 25 20 10 25  5 14 25 17 25 13  3 16  4 30 25 25 25  9 27 17  6
 67 12 28 25 50 12 15 75 26 12  7 14 25 39 16 25  3 52 25 13 37 13 12 38
 48 53  2 50 25 14 50 16  6 15 20 20  5 39 50 46 55  6 50 25 35 45  8 31
 40 31 30 11 50 25 13 17  1 25 25 60 14  0 25 70 60 25]
[ 7 25 37 25 71  6 25 17  1 25  8 25 15 10 14  9  8 25 25 40 10 25  0 25
 70 11 25  8 25 10  2 50 25 33 35 15 25 25 50 43 17 25 25 94 34  5 50 25
 10 64  3 58 25 14 25  4 35 50 35 57  1 26 54 59 28  0 25 70 25 15 12 50
  2  1 46 13 25  3 18 29 14 74 41  9  4 16 40 10 20 65]
[ 5 57 25 69 10 14 50 25 25 75  7 33 50 10 75  4 25 25 15 25  6 50 50 18
 13  3 75 62 44 33  2 25 25 70 38  8 59 18  1 59  9 25 34 15 50 12 50  9
 44 41 17 66 30 25 36 10 35  6  4 41 11  9 25 13 14 13 46 50 39 25 15 25
 12 51 75 16 41 50 60 25  1 45 25 15 12  0 50 50 34 20]
[11 45 75 53 20 14 25 25 25 10  2 25 73 25 25  8 51 25 25  4 16 25 63 60
 26  7 50 17 25 25 10 25 40 10 10  9 20 29 64 41  6 31 64 62 10  1 50 25
 27 43  0 25 50 60 17  3 75 40 10 15 13 25 10 30 44 12 13 29 45 25 15 50
 26 25 25  5 25 22 25 50  4 55 54 29 20 17 50 50 15 32]
[ 7 25 29  6 19 15 25 50 45 12  8 50 25 67 25 10 25 25  9 37  6 25 25 35
 49  9 50 50 34  7  2 25 25 81 13 11 14 34 65 50 14 25 23 59 60 13 50 25
 10 29 12 44 75 51 20 16 50 39 25 50  5 25 25 35 11  4 25 48 50 22  0 25
 25 70 25 17 40 50  9 10  3 29 73  9 58  1 50 50 76  1]
[ 2 32 25 25 50 16 25 10 10 20  7 50 40 25 28  6 48 45 14 44  0 75 70 25
 20 15 25 25 26 10  4 25 69 17 25  8 40 79 10 45  1 34 25  2 13  5 25 95
 25 20  9 50  5 34 33 12 25 44 45 27  3 22 43 50 10 10 50 35 33 20 11 50
 50 10 84 13 50 18 46 32 14 15 50 50  5 17 48 69 65 20]
[11 44 29 25 60 17 25 44 25 45  1 58 25 72 12 14 25 15 25 25  2  3 25 20
 25 13 50 30 10 10  7 25 50 60 24  6 46 17 25  2 15 25 13 25 27  0 25 63
 17 85  5 42 25 50 23 16 25  8 19 25 12 81 40 58 25  3 10 37 20 50 10 50
 25 29 28  4 72 49 12 85  8 50  4 57 46  9 50 50 22  3]
[15 25 33 45 25 10 25  0  5 74  7 25 25 42 44  6 25 45 25 50  1 25 25 75
 12  0 30 25 25 70  3 25 37 46 33 14 30 45 38 25  2 25 37 35  1 16 35 16
 15 60  8 45 44 25 34 13 55 33 10 50 12 25 25 34 70 11 50  2 10 25  4 36
 63 40 11  5 30 50 27 38 17 50 50 50 34  9 35 50 25 40]
[ 4 25 33 25 53 17 25 25 85 11  6 25 25 30 50 11 50 30 26 11  7 20 46 20
 29 14 31 50 50 13  1 25 43 33  9  8 75 41 10 19  9 50 25 34 50 10 45 75
 50 20 12 10 41 23 25  5 25 85 25 35 13 17 13 58 14 15 25 33 20 30  3 50
 81 10 22  2 25 25 49 50 16 50 50 93 39  0 25 25 35 25]
[ 7 25 40 50 33 10 25 25 20 50 14 58 25 26 25  8 40  8  4 50  6 50 25 10
 70  1 25 25 45 14  4 25 25 59  7 12 25 28  5 25 16 25 37 55 46 13  3 28
 50 35  9 10 53 15 10 11 13 27 37 25 15 50  7 25 30 17 45 35  2 27  5 25
 50  5 20  3 44 25 16 40  2 14 39 50 31  0 30 46 43 50]
[ 4 25 50 12 60  7 46 25 40  9 14 34 25 20 25  3 50 25 36 25 13 25 15 10
 25  1 50 75 14 20 15 25 20 11 25  5 25 15  9 25  9 37 14 30 56 10 56  4
 29 15  8 35 34 25 25  6 50 50 39 15 12 25 20 35  1 16 37 69 45 20 17 47
  0 25 51 11 72 38  9 20  2 50 35 25 35  0 34 25  2 50]
[ 2 25 25 88 25  7 25 35 50 14  5 26 25 65 20 11 25 25  4 10  1 54 50 50
 20 13 25 25 50 61  0 25 48 64 22  6 17 45 25 25  4 25 50 35  7  8 29 49
 50  6  3 50 50 10 44 16 25 11 25  3  9 44 12 40 50 15 38 19 11 25 14 40
 45 44 14 10 49 25 11 59 12 15 13 25  4 17 50 25 10  3]
[ 7 25 15  9 80  6 25 50 14 70  8 35 45 35  6  5 25 50 26 25  9 35  0 15
 50  1 25 43 25 25 10 50 75 50 20 11 39 45 21 25  4 50 25  5  1 12 31 50
 16 61 13 44 14 75  3  3 25 25 15 65 14 25 51 59 15  2 34 90 36 50  0 25
 25 35 26 15 26 25  4 64 16 12 58 54  9 17 47 52 25 25]
[ 3 25 25 25 25 15 25 25 26 25  2 25 74 11  3 14 25 91 25  3  9 50 25 34
 11 13 50 25 51  1  8 25 10  7 55  7 31 32 29 60  4 60 50 24 20 12 59 47
 25 48  1 25 25 34 50 11 45 25 21 59 10 27 25 25 45 16 13 50 52 38  0 39
 43 21 52  5 50 50 25 15 17 30 39  3 15  6 56 32 10 38]
[ 8 25 44 25 95  2 25 42 25 15 10 25 27 39 35 14 45 28 10 50 13 50 50 30
  4  6 50 25  2 58 17 25 69 14 20  4 25 60 14 73 11 29 25  9 44 16 25 24
 60 26 15 55 60  5 29 12 50 25 10 65  7 40 25 14 25  5 25 24 25 48  3 15
 25 48 10  9 39  5 45 36  1 25 25 35  8  0 50 60 35 55]
[10 25 25 55 53  7 25 33 50 25 17 50 27  7  4  6 50 55 10 40  4 55 25 29
 70  1 50 25 65 25  8 54 25 36 25  5 44 25 51 30  9  9 28 10 14 11 45 54
 13 10  3 50 25 40 45  0 27 72 17 43  2 75 53 10 20 12 25 15 25 11 13  3
 45 50 25 14 18 15 44 25 15 25 69 22 20 16 12 42 52 13]
[ 7 25 25 13 64  0 25 25 50 59  6 25 39 25 14 11 25 25 10 45  9 25 26 23
 25 15 51 25 66 25 17 74 14 11 15  8 50 25 10 45 14 25 10 13 26 16 13 50
 10 20  1 40 25 25 45 13 50 33 10 15  2 30 25 93 25 10 25 56 26 17 12 18
 44 49 13  3  2 50 62 20  5 45 46 15 20  4 29 51 26 20]
[ 8 60  2 25 11  7 25 35  1 25  6 50 25  1 46  5 25 45 57  5  9 50 61 29
 34 14 44 50 40 66 16 25 58 50 17 15 25 25 35 50  0 25 28 25 60 10 50 50
  1 20 13 35 25 16 34 12 38 10 25 50 11 40  5 10 98  4 50 25 34 50  3 50
 50 10 59  2 25 25 50 30  1 26 32 34  8 17 40 15 74 38]
[  8  34  25  20  44   7  50  46  19  48  15  25  50   1  10  14  25 100
  25  25   2  25  25  50  25   6  25  37  25   1   5  25  10  20  25   3
  50  25  25  35   9  28  28  40  26   4  67  25  17  48  13  25  49  36
  51  10  25  45  50  50   1  25  25  35   4  11  40  25  25  35  12  30
  20  16  20  16  50  15  28  74  17  43   4  17  25   0  58  62  23  20]
[14 27 25 50 41  7 66 72 31 23  6 54 28  2  1 13 32 50 30 50  8 25 22  8
 13 12 25 25 41 70  9 14 50 45 20  5 92 25 25 45 16 58 50 27 20 10 25 11
 67 15  4 74 92 10 14 11 10 51 45 44  3 33 77 16 40 15 25 58 44 31  2 25
 50 35  1 17 50 62 25 27  1 50 25 83 25  0 25 45 10 56]
[ 1 25 25 38 10  2 17 35 45 18 10 25 50 25 25 12 54 25  5 25 14 25 46  9
 60  7 25 46  1 92  4 55 50 29  6  6 25 55 35 40  8 50 64 35 27  5 50 41
 10 70  3 28 25 91  9  0 66 35  1 65  9 50 11 34 10 13 50 50 10 33 11 25
 50 20 19 15 65 24 25 25 16 12 30 18 43 17 50 50 45 25]
[15 55 50 10 30 14 63  7 14 46  0 66 25  9 25  1  2 25  4  2 13 25 76 25
 14  2  3 50 10 28 12 25 10  7 17 17 25  5 99 20 11 45 25 15  8  7 46 28
 25 67  6 50  2 70 26  8 75 12 10 24 16 30 25 43 50  9  2 55 15  8  3 50
 72 25 28 10 49 25 14 50  5 58 50 37 20  4 50 25 34 45]
[ 2 25 25  2 69  0 75 51 10 50 11 35 11 15 38  1 50 27  4  4 16 46 15  4
 10  3  7 25 44 25  4 27 60 51 35  7 25 49 50 46  9 25 55 37 34 14 25 73
 25 61  5 25 25 17 25  8 40 14 22 41  6 50 11  5 54 10 46  4 24 60 12 15
 20  4 88 13 38 50 25 23 15 67 19 14  3 17 19 46 75 25]
[ 7 35 31 14 52  6 25 50 45 25 13 25 17 25 25  9 72 14 10 10  8 66 36 50
 59  1 51 43 25 33  5 25  8 15 73 10 50 16 10 79  4 25 25 59 34 14 10 45
 17 78 15 50 50 35 25 12 44 38 16 57  3 50 84 16  6 11 25 30 39 40 16 50
 25 10 44 17 25 48 19 41  2 41 25 54 51  0 50 35 36 50]
[ 7 33  1 17 25 10 31 14 19 32 14 25 10 25 16  9 50 25 34 16  6 55 55 37
 40 11 20 25 35 70  1 45 25 43 10  8 22 25 63  1 13 50 44 50 20 12 20 50
  5 45  3 35 50 25 20  0 50 45 50 50 16 25 50 53 39  5 50 50 14 12 15 25
  2 30 26 17 43 28 46 61  4 25 25  8 45  2 50 48 20 22]
[ 7 75 89 10 22  5 25 20 25 46  6 25 58 48 37  8 30 25 50 51  2 39 25 51
 25 10 25 21 35 50 16 32 63 48 26 17 45 30 64 50 15 25 26 61 34  9 45 25
 14 35  4 25 50 59 20 13 64 31 21 30 14 50 31 34 50  1 55 33 19 70 11 27
 51 34 14  3 13 50  1 45 12 26 50 45 25  0 50 25 20 66]
[ 7 25 55 60 25  2 25 65  1 35 10 25 25 23 90  6 38 25  4 87  1 25 25 15
 45  8 50 25 25 50  5 25 28 48 25  9 40 11 10  4  4 50 25  7 10 11 42 50
 35 24  3 50 36 53 20  0 50 25 10 48 14 25 30 20 25 13 37 35 23  1 12 42
 35 20 46 15 48 10 25 25 16 13 35 59 54 17 37 44 25  3]
[ 5 25  5 13 76  1 25 25 20 25 14 44 25 40 81 12 26 63 59 19  2 75 25 23
 25  0 38 45 22 50  3 73 44 12 54 11 25 55 36 40  9 50 50 34 20  4 50 25
 25  4 13 50 25 11 38 15 37 43 23 26  6 20 73 25 22  7 73 33 12 50 10 25
 36 30 25 16 25 50 50 25  8 63 63 13 50 17 40 37 10 32]
[15 25 34  6 24  0 45 25 25 70  1 35 35 25 25  2 25 44 60 25  7 50 45 25
 11  6 25 50 50 45  3 75 50 10 21 17 25 50 25 39  4 50 25 34 11 14 45 25
 39 25 12 50 12 20 66 13 35 25 45 38  5 35 11 10 44  8 40 25 20 45  9 25
 25 15 45 10 50 23 10 44 11 39 50 23 45 16  7 25 32 50]
[14 63 50 10 58 12 50 55 35 26  2 25 25 58 25 15 25  7 25 46 11 75  0 10
  5  3 25 50 15 95  4 54 25 30 25  7 50 48 10 25 13 50 25 25 20  6 48 49
 27 59 16 43 65 25 24  8 75 31 10 25  5 25 13 10 64 17 33 44 99 25  9 50
 25 27 26 10 50 20 26 50  0 35 69 50 10  1 50 25 10 34]
[ 7 33 25 13 75  6 36  6 14  4 12 46 25 65 25 10 58 75 34 20  8 11 45  2
  5  5 92 25  9 14  9 25 45 59  2 15 25  5 25 25  0 25 50 25 44  4 25 54
 59 25  1 50 50 35 20 11 44 39 24 14 16 40 50 45 25 17 50 43 94 10  2 50
 25  6  6  3 50 25  2 10 13 11 50  8 38 14  0 50 35 11]
[ 7 25 45 11 95  6 50 25 27 20  1 60 43 25 17  0 25 50 25 45 12 36  8 44
 16  8 45 25 69  3  5 25 98  9  5  9 65 71  3 50 14 25 12  4 14  4 25 25
  4 25 10 34 13 37 45 16 25 39 16  4 13 23 24 37 35 17 50 14 58 70  3 25
 25 28  9 15 72 69 48 20 11 36  4 24 16  2 50 47 45 23]
[ 5 25 25 25 16  3 25 25 20 25 14 65 25 19  1 13 25 65 82 25  1 36 50 25
 14  7 60 90 15  8  4 40 45 44 50  6  8 41 50 34 12 25 25 80 10  2 50 50
 50 25  0 25 32  1 20  8 10 37 20 25  9 55 52 10 58 15 25 25 69 25 10 53
 50 15 20 16  0 50 10 25 11 45 50 50 20 17 50 25 10 64]
[10 25 16 25 10  6 25  8 10  5 16 25 50 25 20 14 25 13 16 12  7 46 25 61
 25  8 12 50 48  7 17 15 25 53  4  3 40 39 20 10  9 50 46 34 20  5 50 25
  4 64 11 19 33 34 29  4 25 27 25  9  2 62 50 11 20  1 35 64 46 59  0 25
 25 50 28 12 42 33 43  7 15 25 16 10 62 13 40 43 35 72]
[ 7 25 17 25 25  4 50 25 25 15  0 25 25 76 25  9 25 16 10  6  6 32 25 20
 31  2 50 25 20 50 10 25  1 25 26 14 44 27 40 10 13 25 94 25 10  8 11 45
 40 10 11 59 45 26 50  3 50 25 13 25 12 50 59 25 25 15 25 25 50 25  5 50
  5 30 13 16 12 59 45 30  1 45 50 15 20 17 45 50 15 39]
[14 25 50 59 10 13 35 25 10 25 15 50 28 10  8  7 63 25 26  7  6 50 25 13
 70 16  8 36 75 45 12 25 50 15 31  8 25 32 25 25  5 25  4 15 12  0 46 25
 13  7 11 25 61 35 20 10 50 25 24 36 17 58  8 37 45  4 25 64  1 20  3 50
 25 25 25  9 50 45 34 50  2 25 25 37 45  1 25 65 25  4]
[ 8 25 25 50  1 10 25  1 25  2  7 50 25 10 50 14 50 25 12 35 16 50 25 99
 25  9  1 26 25 45  2 25 25 75 25 17 97 50 57 39  5 37 48 48 92  6 75 35
 10 80 13 55 26 30 25 11 50 34 25 25 12 50 30 29 40  4 33 25 33 34 15 25
 50 46 17  3  1 50 35 20  1 48 25 12 11  0 50 25 10 68]
[ 7 25 25 31 20 12 25 25 52 15  6 46 38 14 50  1 25 30 31 25  0 25 25 35
 10  8  3 46 25  1 13 50 13 10 15 10 25  1 25 69 14 52 44 25 79  9 25 35
 35 37 11 15 25 31 25  5 50 50 27 11 15 25 29 11 12  4 25 25 25 23 16  7
 25 25  6  3 25 50 37 30 17  4 20 17 59  2 21 25  5 25]
[14 25 75 38 25  7 25 50  2 47 17 60  4 25 25 13 50 25 40 25  6 46 25 17
 25  0 25 25  1 12 11 39 40 21 55  1 48 25 33  1  3 42 75 32 20  8 11 34
 31  4 10 25 37 25 17 15 40 59 45 30  9 50 27 25 29 12 40 10  2 60 16 57
 50 55 39  5 81 50 14 10  4 25 25 11 11  2 45 26 50 49]
[ 6 29 25  2 48 11 25 28 46 25  7 26 33 25 40 14 50 26 34 68  8 50 25 16
 25  5 50 25 14 48  4 50 50 25  4 12 36 28 25 25 10 25 10 25 50  9 45 25
 25 46  1 25 50 50 20  3 25 25  7 60  2 50 50 10 25 13 26 15 25 12 15 45
 16 16 50  0 25 65  7 35 16 26 14 20 25 17 14 35 60 50]
[12 25 50 25  3  9 25 11 25 25 14 39 46 25  3 17 25 51 12 11  3 48 26 39
 24  5 25 50 25 75 16 25  3 25 65  7 25 70 37  5  2 50 25 11 50  8 51 36
 25 40 13 15 30 35 35 10 50 13 20 10 11 50 40 10 58 15 28 35 32  5  6 35
 32 40 38  4 50 50 29 25  1 50 25 35 52  0 25 25 48 25]
[ 4 25 25 25 10 13 25 45 60 33  7 25  1 25 14 12 25 10 50 25  3 26 25 20
 58  2 51 60 10 40  6 35  5 10 25  1 45 50 15 25  8 40 38 25 25 15 25 46
 20 13  5 25 35 25 25 17 25 69 40 16 14 50 40 25 58  9 44  4 25 51 10 44
 15 25 34 16 25 25 62 13 11  9 49 12 10  0 42 28 16 16]
[ 5 25  8 25 50 14 50 25  2 25  9 25 12 25 45  7 25 23 25  3 10 25 93  4
 25  6 89 25 25 64  4 50 28 25 50  1 25 33 35 25 11 69 25  9 45  8 44 34
 16 39 12 50 44  1  6  3 25 25 60  4  2 50 25 10 45  0 50 25  1 12 13 16
 44 10  3 15 29 10 33 25 16 60 25 38 25 17 20 50 68  7]
[ 7 25 45 25 25  6 50 25 26 20  8 16 40 25 25  2 25 25 17 30  5 60 29 25
 17  9 25  2 25  2  3  7 25 50 60 15 25 28  4 25  4 50 25 25 95 10 35 64
 50 20 11 50  4 10 29 14 33 59 51 35 12 25 25 12 74 13 50  7 31 52 16 35
 39  5 25  1 25 25 35 45  0 50 25 10  7 17 37  3 44 13]
