[ 3 27 33 58 16  9 25 73 43 94 11 75 77 38 57 10 59 79 27 24  0 25 70 87
 25  8 37 49 31 18  6 25 50 60 65  1 54 25 32  7  2 16 32 37 27  4  2 49
 82 45  7 50 14 22 81  5 50 50 10 74 12 50 50 32 27]
[ 6 75  5  3 93  5 25 71 37 24  8 74 29 45  1  0 75 46 10 46  7 43 25 66
 42 12 43 22 46 44  9 59 30 25 28  4 48 36 36 38  3 73 50 10 20 10 29 50
 13 84 11 14 73 88 36  2 77 47 31 23  1 50 25 55 25]
[ 9 31 59 53 73  8 51 41 15 79  7 65 12 20 96 10 65 47 13 87 12 48 74 38
 15 11 43 51 36 27  0 25 99 25 34  6 52 69 48 27  5 77 72 10 20  4 39 25
 45 75  3 64 45 10 41  2 55 66  8 48  1 44 42 56 24]
[ 1 75 26 88 24  9 32 12 18 41 11 25 60 60 35 10 50 33 22 27 12 50 25 29
 92  0 43 25 67 50  2 40 50 45 35  5 45 35 19 43  8 30 50 37 20  7 47 40
  9 28  6 72 40 10 47  4 74 95 10 94  3 57 75  5 20]
[ 5 75 16 10 68 12 81 25 69 92  0 65 51 10 19  8 38 50 42 20 10 56 17 19
 37  7 25 78  8 42 11 40 39 18 22  6 53 58 55 20  4 42 25 42 47  3 67 25
 10 70  9 74 39 10 31  2 54 46 48 49  1 50 83 18 20]
[ 8 25 57  9 45  6 50 63 35 32  0 70 25 18 25  3 39 92 46 40  1 12 32 11
 63  9 74 74 10 18  5 75 44 10 77 12 45 65 66 69 11 50 50 13 30 10 25  9
 50 64  4 11 49  1 42  2  3 50 78 31  7 50 39 10 65]
[ 7 29 90 21 50 10 37 55 48 69  6 41 75 23 20  9 28 99 55  1  1 75 80 20
 55  2  3 73 37 47  5 63 46  7 14  4 35 67 49  8  3 55 75 35 20  0 48 76
 15 69  8 97 30 20 69 11 54 50 10 77 12 88  6 10 90]
[  9  42  34  33   6  12  89  26  65  17   5  32  30  51  47   0  46  25
 100  25  11  86  40  38  91   8  39  36  38  29   3  25  50  60  29   1
  75  50  10  96   2  50  75   7  20   4  64  25   6  47   6  48 100   3
  36   7  50  50  24  35  10  66  97  55  37]
[ 1 43 75 91 20  9 44 51 33 23  3 60 28 33  8 12 49 76 58 58 10 25 87 94
 47  6 28 55 57 40  8 69  1 16 50  5 53 52 10 65 11 35 67 22 20  7 81 50
 23 71  2 48 25 47 50  4 55 55 29 41  0 65 63 13 37]
[ 3 75 66  5 44  9 45 25 39 13  5 46 75  3 59  2 33 53 75  8 12 64 27 54
 77  8 33 36 42 36  7 47 16 63 20  6 82 68 17 73  4 49 25 35 45 10 49 88
 63 46 11 63 68 19 20  1 58 36 10 85  0 25 25 68 95]
[  9  31  69  48  47   4  32  41  52  60  10  25  59  60  62   8  56  55
  10  89   2  28  30  74  20   7  25 100  25   1   6  81  17  28  78  11
  50  44  10  37   5  25  54  88  35  12  80  25   1  78   3  39  50  28
  16   1  25  62  56  37   0  25  33  69  29]
[12 25 30 71 89  4 50 73 34 22 10 40 49 45 41  0 75 92  7 47  3 25 25 65
 48  1 75 53 10 67  5 57 69 18 25  2 50 75  1 20 11 50 36 10 71  6 47 58
 13 12  7 50 55 35 15  8 75 63 10 42  9 74 50 10 16]
[ 4 74 52 10 59  9 46 19 20 95  0 25 32 42 32  1 33 78 17 54 12 71 74 38
 60 11 25 42 94 16  6 68 67 17  2  3 35 35 74 29  2 48 49 22 25  7 57 57
 28 30 10 50 65 77 69  5 44 48  1 78  8 71 74 10 45]
[11 75 11 10 62 12 97 78 57 25  7 50 95 54 28  4 74 75 10 89 10 25 29 49
 14  3 25 90 25 50  2 46 81 13 20  6 62 43 13 50  5 79 97 14 82  8 61 73
 48 22  1 25 48 75 29  9 15 14 59 59  0 50 34 10 67]
[ 3 33 59 52 36  2 37 64 10 70 10 25 44 47 58 12 69 48 62 86  1 25 26 91
 33  0 31 51 29 24  4 54 26 19 56  8 25 50  9 12  7 50 98 19 15  9  5 50
 62 43  5 45 69 40 20  6 50 47 22 48 11 49 87 34 42]
[ 6 25 17 11 51  0 50 75 10 20  3 75 25 44 25  5 25 66 25 18  7 55 52 13
 39  4 74 50 10 13 10 31 39 37 61  9 74 57 10  6  1 61 41 24 74  2 51 77
 34  1 11 33 23 28 31  8 33 51 33  6 12 43 43 12 88]
[10 75 17 10 29  0 37 25 89 25  6 50 25 56 25  9 74 61 10 96  5 35  7 30
 38  4 25 40 59 65  2 25 50 29  5 11 32 66  5  6  3 32 45 21 25 12 11 82
  7 32  7 35 78 94 78  8  6 50 42 28  1 30 50 30 20]
[ 3 70 25 18 25 12 32 17 18 83 10 25 87 11  4  5 38 54 37  3  8 35 30 76
 20  4 43 50 40 25  7 50 56 40 76  6 40 18 10 37 11 57 62 10  8  1 50 70
 55 31  2 28 36 74 32  9 74 50 10 17  0 35 27 63 36]
[11 33 35 52 29  1 27 84  1 23  5 25 42 37 48  7 53 25 20 70  8 75 34 10
 19  4 58 62 26  5  2  8 28 25 67  3 46 31  9 48  0 39 25 39  8  6 38 60
 50 20  9 74 22 10 78 10 25 93  8  4 12 50 50 75 71]
[ 9 74 24  6 88 10 66  1 10 12  8 80 35 29 41  6 75 37 10 33  5 25 24 25
 60  7 50 25 65 16  1 75 48 10  4 12 85 46 59 16  4 35 25 49 44 11 24 29
 86 86  3 51 50 19 20  0 50 53 50 38  2 50 50 36  1]
[12 61 32 70 63  4 29 71 15  8  0 75 96 10 10  3 54 25 60 46  6 60 75 36
 71  5 32 39 43 56  2 25 65 64 30  1  3 25 42 33  7 51 55 34 13 10 53 58
 28 54  8 50 57 35 20  9 50 46 34 25 11 46 33 14 32]
[ 3 56 25  4 58  9 74 25 10 61  8 78 25 31  7 11 48 25 37 95 12 78 33 66
 97  2 25 29 37 28  4 25 25 59 45  5 25 69 32 12  6 75 50 10 20 10 25 38
 27  3  0 49 88 61 26  7 50 12 41 66  1 50 25 10 17]
[ 4 28 25 56 40  3 53 72 46 23  7 75 52 10  2  0 47 25 97 14 11 71 30 56
 20  5 37 12 41 73  8 50 50 23 25 12 76 50  4 43  6 59 25 63 13 10 53 40
 53 70  9 74 20 10 42  2 54 50 44 20  1 79 48 10 12]
[ 9 25 34 56 15  7 75  7 10 96 10 53 25 71 15  8 50 25 10 81  4 59 59 25
 20  6 25 27 39 43  3 50 32 16 38  5 25  4 25 46  2 63 62 12 42  0 50 44
 35 20  1 60 25 60 27 11 75 44 10 19 12 50 40 25 92]
[ 11  62  63  23  71   6  70  50  12  58   2  63  25  43  25  10  25  58
  20  76   7  64  51  21  65   1  70  25  28  21   9  62  96  18  50   0
  30  44  49  42   8 100  10   6  13  12  54   1  10  21   3  18  46  10
  28   4  11  50  51  46   5  28  41  77  41]
[ 3 75 25 44 25 10 25 41  3 56  6 36 32 10 89  5 61 92 10 87  2 86 46 24
 49  1 28 25 10 38  4 45 75 39  7  7 42  1 44 49  9 62 80  3 58  0 25 39
 38 67 11 46  1 31 49  8 38 50 57 89 12 28 57 15 16]
[ 3 70 25 49 25  9 26 76 58 73  4 74 50 10 59  8 44 54 64 14  6 25 16  4
 97  2 48 74  7 21  1 46 25 94 49  0 31 25 10 30  7 13 53 66 42 12 77 66
 19 68 10 50 25 10 82  5 40 17 20 44 11 40 50 34  8]
[ 1 75 25 37 25  9 74 55 10 37  3 25 80 25 63  8 50 50 59 11  4 49 25 35
 61  0 25 25 85 70  2 98 46 21 49  5 57 75 47 14  6 50 51 35 24  7 50 30
 10 65 10 67 44 18 90 11 50 68 15 66 12 30 99 22 27]
[12 25 87 52  9 11 37  9 13 62  7 25 57 25 67 10 62 74 33 60  5 50 74 22
 11  9 74 52  6 13  8 39 25 60 63  1 75 82 34 20  6 50 35 12 22  2  5 25
 53 55  4 25 31 59 39  3 23 41 37 29  0 65 61 10 38]
[11 25 49 60 85  1 75 25 64 25  4 74 25 10 31 10 33 46 22 45  3 40 50 25
 45  9 25 63 59 32  8 50 65 10 72  5 27 18 23 11  7 25 74 60 20  2 25 25
 15 33  0 85 75 44 20  6 11 71 23 20 12 75 49 10 27]
[12 35 90  1 44  1 54 25 79 25  0 91 71  7 24 11 97  4 23 98 10 25 19 25
 51  2 42 50  3 64  3 51 50 17 45  9 25 50 37 76  7 52 22 34 27  6 25 64
 52 65  4 58 25 15  3  5 50  0 39 64  8 50 50 10 52]
[10 61 67 24 28  2 25 25  4 63  4 25 28 59 28  1 33 25 27 42  9 33 11 51
 16  8 56 25 12 25  3 50 50 10 20  7 55 75 72 20  6 41 22 19 26 11 75  5
 95 25  5 51 36 25 44 12 31 56 98 24  0 58 61 10 20]
[ 2 36 46 49 47  8 35 72  1  5  6 75 48 10 57  5 32 59 55 36  9 74 58 10
 16  0 72 27 34 23 11 48 74 94 49  4 62 25  4  1  3 74 36 41 67  1 57 50
 14 16  7 50 75 20 19 10 25 50 50 84 12 50 49 73 25]
[ 1 33 25 35 70  6 25 86 25  8  5 74 64 46  5 11 65 56 10 78  8 56 40 29
 55 10 52 49 30 12  4 25 65 19 20  2 75 72 16 92  9 50 87 34 28  3 37 52
 20 20 12 40 47 34 58  7 50 63 25 29  0 25 36 23 72]
[ 9 32 33 42  1 10 41 27  6 52 11 35 66 32 19  4 40 25  2 49 12 32 50 31
 20  8 95 47 24 13  3 65 58 10 19  7 25 74 78 21  2 26 37 84 21  6 38 91
 22 14  1 25 29 20 26  5 89 13 44 61  0 29 52 16 65]
[ 9 74 92 10 37  5 25 68 20 12  7 29  5 21 99  6 10 25 54  9  3 62 72  6
 82 10 45 51 40 83  4 70 37 14 36  8 15 25 47 68 11 54 23  1 84 12 83 82
 61 52  0 30 25 55 45  2 50 25 38  3  1 50 25 35 25]
[ 1 42 39 22 55  6 75 10 10 17  4 50 39 34 56  0 25 37 52 50  2 59 25 61
 25  9 50 66 34 86  3 22 50 63 45  7 46 48 11 47  8 35 50  9 89 10 44 82
 93 26  5 85 49 31 46 12 25 62 39  6 11 12  6 38 11]
[11 44 25 49 25  5 52 75 27 20 12 29 50 61 64 10 80 50 19 20  3 25 25 15
 57  4 74 33 10 72  8 75 45 10 22  7 86 15 58 30  9 50 69 34 80  6 71 50
 74 20  2 25 25 35 39  1 25 33 35 27  0 50 44 10 76]
[ 1 75 75 37 19  0 64 69 46 26  3 75 84 10 50  9 50 99 23 67 12 41 37 69
 35  2 65 55 55 20 11 45 26 31 68 10 45 49 20 38  8 65 62 10 20  6 41 51
 44 20  5 66 57 10 82  7 50 62 50 20  4 74 33 10 60]
[  5  75  43  10   4   7  55  55  11  40   3  25  25  41  70   4  51  56
  33  39  12  26  31  29  10   2  38 100  12  21   8  75  18  11  32   6
  63  47  10  27   9  19  50  65  71  10  25  30  51  84  11  41  68  45
  19   1  85  53  10  47   0  25  86  37  34]
[  8  75  65   1  94   3  64  25  39  25  12  25  32  85  55   6  25  79
  25  10   2  58  25  39  70   0  25  66  60  29  10  65  89  98  45  11
   6  71  24  63   4  74  38  10  65   7 100  57  10  20   1  59  25   7
   6   5  25  50  22  49   9  63  59  21  80]
[ 9 74 74  7 76  3 59 53 25 30 12 68 74 76 39  2 84 25 65 25  8 67 51 52
 23 11 97 51 62 23  7 36 24 58 72  6 52 25 19 70  5 77 92  1 41  4 50 50
  8 31 10 38 29 39 92  1 61 34 58 35  0 25 25 25 61]
[11 75 54  8 65 10 88 25 62 17  9 31 88 39 17  2 25 25 30 51  3 24 69 43
 26  8 51 50 68 20  0 38 86 12 58  5 75 97 35 82 12 48 46  2 47  4 33 32
 51 63  1 40 83 10 59  6 57 36 26 34  7 48 50 38 10]
[ 3 25 43 60 52  4 74 25 10 37  9 74 89 10 26  1 75 94 10 92  7 75 62 10
 13  0 25 50 92 39  5 75 83 10 79  6 54 75 21 20 12 50  6 25 50 11 65 99
 92 35  8 74 50  6 37  2 50 76 10 20 10 25  7 80 13]
[ 7 51 25 24 70  1 53 25 26 70  2 44 25 22 45  8 40 47 45 28  0 54 66 34
 29 12 43 55 39  9 10 25 67 60 67  9 74 91 10 66 11 57 25 29 30  6 25 80
 32 32  5 79 50 27 15  4 74 29 10 27  3 67 57 33 35]
[ 7 32 42 53 37  2 25 27 75 23 12 71 34 59 97  0 25 42 60 40  1 63 50 57
 37  3 50 50 25 45  4 40 35 44 46  5 75 37 10 52  6 57 50 10 25  8 75 36
 10  1 11 29 46 33 11 10 25 12  6 42  9 68 49  3 56]
[ 9 74 43 10 51 10 50 72 96  2 11  9 52 76 20  7 53 75 91 20 12 50 50 43
  7  6 42 48 36 38  8 63 55 15  4  5 56 40 21 57  4 74 41 10 47  3 25 25
 17 90  2 50 25 10  1  1 52 73 43 20  0 58 39 72 34]
[ 0 25 82 23 95 11 56 74  6  2 10 57 25 49 13  9 51 25 33 27  1 47 42 17
 12  2 44 25 53 25  4 25 50 50 20  3 50 50 10 45  8 43 50 42 55  5 75 50
 10 20  6 50 50 35 20  7 50 19 22 76 12 31 39 19 69]
[ 7 75 89 70  6  6 88 25 99 25 12 54 47 21 73  3 33 27 49 43  8 57 61 28
 28  5 74 19 11 86  0 57 25 81 25  1 50 56 32 84  9 74 50 10 39  2 58 50
 10 20  4 63 27 21 43 10 39 37 10 92 11 64 76 25 58]
[10 25 77 60 50  9 25 81 59  4 11 18 57 17 20 12 28 50 76 21  8 90 25 29
 33  4 74 50 10 20  3 89 50 20 20  7 77 37 48 44  6 41 29 15 85  5 66 19
 10 24  2 74 53 30 29  1 41 54 53 20  0 56 25 82 26]
