[41 52 36 97 59 21 33 18 12 41 89 97 25 39 62 34 93 92 15 44 19 17 44 25
 75 71 79 85 62 63 92 78 90 81 79 21]
[45 49 87 59 17  6 29 84 30 19 35 45 71 85 18 29 41 23 51 49 65 72 69 62
 77 95 42 79  9 87  3  1 88 96  2 38]
[47 15 29 35 81 79 12 44 49 54 24 54 42 55 63 81 93 92 80 94 76 64 24  2
 54 72 31 48 42 24 85 49 72 79 65 75]
[40 85 72 69 27 72  5  7 25 62 20 31 12  9 37 55 96 87  2  6 43 44 47 63
 39 38 57 96 23 83  5  4 15 33 37 44]
[76 67 86 68 31 29 91 89 44 72 29 17 37 30 81 61 52 80 35 49 26  2 40 12
 66 58 99 94 62 67 65 80 31 40 22  8]
[59 87  1  6 39 46 28 24 41 88 96 99 38 37 21 83 66 48 40 35 66 71 42 91
 79 85 48 43 13 15 66 87  5  4 26 33]
[96 94 84 20  4 68 46 51 17  0 58 62 62 77  6  8 40 44 36 41 76 52 76 89
 78  6 10 11 18 28 58 97 43 16 16 32]
[94 85 47 53 43 36 16 30 12  3 74 76 52 39 90 60 78 80 86 80 19 23 30 36
 65 61 88 53  4 54 43 46 77 99  2  8]
[57 56 97 61 50 65 28 37 74 99 56 53 86 90 92 86 98 70 12  2 78 93  0  2
 94 98 38 13 17 33 18 15 29 26 71 20]
[97 90 72 85 24 17 47 69 33 30 78 95 30 54 18 30 59 90 14 41 82 98 65 55
 34 43 97 93 64 93 88 92 83 50  8  7]
[54 66 99 83 63 27 68 65 94 65 43 38 32 33  1 20 24 60 37 52 23  8 77 50
  2 16 77 78 19 23 79 78 78 71 96 72]
[61 85 98 85 32 60 52 46 76 41 56 62 82 29  2 26 11 49 37 33 21 27 59 45
  1  0 77 50 13 45 77 68 11  7 99 42]
[ 8 77 69 49 93 87 62 34 20 14 63 34 11 10 96 68 90 58 80 88 84 43  7 25
 97 81  2  1 21 23 43 87 29  6 27  0]
[93 49 72 41 63 64 13 10 22 19 53 26 42 32 34  0 90 53 95 90 99 94 38 50
 42 45 76  1 41 28 98 64 74 93 22 33]
[68  1 34 32 50 51 68 66 23  2 82 74 86  6 31 12 77 69 94 97 38 95 61 53
 39 26 85 75  7 14 96 87 77 35 11  3]
[68 69 26 18 52  9 62 48 31 14 19 35 88 98 95 75 45 63 26 13 36 71 72 62
 14 33 82 68 66 70 38 27 92 96 26 32]
[50 66  0 32 34 93 97 90 88 87 56 80 17 23 17 24  6  3 60 87  8 40 10  3
 32  4 44 49 85 71 84 48 91 58 35 32]
[52 70 23  2 27 26 47 41 21 15 48 67 26  4 76 93 52 51 81 70 37 35 52 63
  5 33 26 11 74 88 29 52 22 35 61 66]
[ 8 21 38 22 52 47 88  7 96 66 43 26 68  4 90 89 29  8 10 18 19 35 58 39
  2 14 58 60  1 26  4  3 89 70  0  4]
[75 90 50 67 99 84 19  4 77 75 38 39  8 54 68 73 31 41 45 52  3 87 42 39
 15 79  2 14 99 51 80 97 51 84 74 80]
[49 52 77 85 26 37  9 34 52 61 67 44 41 29 66 64 24 19 17 39 84 69 12 76
 31 38 81 67 65 61 40  3 26 16 79 49]
[84 88 67 59 19 42 83 99 23 29 51 67 90 69 82 83 86 34  0  7 28 36 11 43
 70 77 22 65 13 40 74 68 61 40 71 80]
[ 9 58 74 61 75 74 38 23 70 52 83 97 78 61 19 15 77 92 96 76 43 40 97 91
 61 68 46 38 24 54  3 42 81 74 62 47]
[34 35 71 49 14 24 77 60 80 10 84 86 65 96 72 52 91 82 45 49 95 89 79 83
  8  9 40 70 43 67 52  7 96 97 57 17]
[71 38 80 69 46 32 38  9  2  0 34 29 46 95 59 58 67 70 10 44 79 59 51 49
 16 19 31 54 86 66 93 90 16 24 15 30]
[82 54 58 70 10 25 68 62  0  3 54 58 83 93 63 12 36 28  9 33 33 88 85 91
 79 82  0 43 19 17 95 96 66 78 77 83]
[22 42 39 28 52 72 87 93 14 21 10 19 57 39 12 22 97 98 41 76 15  1 88 60
 88 89  5 43 93 90 78 95 32 48 96 71]
[48 51  6  1 79 66 66 56 35 21 26 16 38 58 67 51 47  3  9  8 78 67 95 90
 88 92 69 27 15 26 93 27 76 68 56 28]
[ 0 47 70 97  4  8 47 57 38 20 41 19 84 95 28 94 69 61 78 34 51 41 28 25
 47 55 98 46 10  5 38 12 74 76 50 46]
[ 7 24 20 17 88 86  5 94 59 68 95 83 99 90 57 54  6  7 21 74 66 75 76 50
 79 20 14  1 55 38 86 47 17 23 24 19]
[ 4 96 66 51 10  7 22 18 38 52 36 42 21 26 22  3 36 81 77 75 30 57 87 95
 65 62 29 42 98 99 95 63 67 47  3 19]
[ 8 94  9  2 79 87 53 34 66 98 17 25 71 67 82 36 27 20 28  3 48 41 74 59
 50 39 17 11 34  4 70 63 17 14 85 87]
[97 87 76  0 43 27 97 30  1  9 47 76 11 26 28 22 51 45 22 33 78 86 99 19
 58 65 78 75 53 59 56 59  4  8 89 90]
[ 8 34 39 45 51 82 70 51 86 42  3 10 26  8 93 74 69 30 91 83 91 88 98 72
 22 15 35 48 76 79 83 76  1 25 20 17]
[ 5 58 46  7 63 55 81 64 23 33 87 71 34 11 70 69 56 93 57 64 99 94 63 64
 13  8 26 17 36 37 78 49 18 25 66 61]
[70 86  8 17 72 55 90 91 95 94 67 38 93 60 56 62 44 50 48 83 34 36 68 18
 93 77 82 70 24 74 88 86 79 51 38 19]
[ 8 45 54 18 79 90 32 40 89 25 98 95 30  1 41 29 86 93 74 90 99 22 62 74
 67 61 36 47 18 78 75 95  2 53  4 17]
[94 67 23 49 81 87 79 83 18 14 38 89  7 26  9 12 29 20 31 35 23 55 61 92
  0 63 18 30 98 96  5 96 60 84  8 16]
[ 6 94 85 70 35 70  2  1  6  0  4 18 42 40 34 53 10 27 36 71 26 72 93 91
 54 50 60 31 22 13  6  0 57 91 30 65]
[11 71 73 50 82 93 82 59 11 10 87 26 90 82 55 36 39 91 12  1 81 75 36 34
 97 92 22 32 84 30 28 27 15 20 50 53]
[ 1 47 54 58  5 83 91 89 36 24 66 65 57 89  2 35 42 14 97 93 23  6 18 30
 55 68 76 84 56 61 39 73 75 85 80 51]
[52 47 99 86 39 34 55 98 99 75 23  7 21 48  5  8 18 33 97 54 79 74 92 23
 45 44 93 87  7 28 47 17 69 40 45 69]
[89 96 79 82 17 43 27 60 75 83 40 29 43 66 77 49  5  7 15  7 76 88 89 81
 39 21 76 88 10 16 50 93 74 72 92 84]
[83 76 23 24 99 92 87 90 25 49  3 30 62 69  4 88 18 24 36 23 83 87 13 87
 57 62 53 48 36 20 72 53 17 16  8 23]
[ 0 52 20 70 34 86 87 91 14 15 56 23  5  7 98 30 16 34 79 41 87 91 45 56
 80 75 72  1 57 74  7 16 82 96 58 70]
[54 58 49 79 95 91 91 18 70 59 65 74 30 19 45  5 82 72 27 17 61 85 62 27
 48 47 46 20 17 47 69 88 39 34  8 31]
[47 15 87 99 60 74 85 69 44 45 52 48  6 30 19 21 27 33 66 62 87 85 68 41
 17 19 66 65 92 74 87 92 60 47 48 15]
[57 38 61 96 34 13 97 54 79 96 77 48 36 49 10 21 74 78 35 25 55 29 44 38
  6  3 28 45 30 39 26 29 63 51 31 13]
[14 32 22 19 54 95 74 40 36 53  4 32 96 97 87 26  4  6 62  5 20 14 83 95
 61 84  7 16 98 72 20 17 42 16 40 47]
[ 7 50 51 56 85 91 40  7 57 59 61 46 52 45 21  5 64 66 34  0  0 29  1 23
 81 87 41 99 68 67 77  9 12  9 28 27]
[ 4 39 44 57 60 56 15 47 61 72 34 43 65 70 84 45 14 49 11  0  7 14 93 33
 95 83 56 77 17 14 12 99 53 88 93 92]
[16 40 97 27  7  6 45 17 17 83  7  1 76 84 60 50 44 41 56 34 86 89 47 50
 51 55 26 62 12 19 49 81 68 57 59 84]
[95 75 10 31 32 17 71 27 98 67 31 37 29 38 21  7 44 41 10 38 51 61  4 87
 82 75 57 74 67 70  8 29 96 91 77 52]
[78 95 82 50 28 31 51 53 35 52 13 32 69 70 30 33 10 13 48  8 63 62 19  7
 28 17  6 39 41  9 60 74  3  1 60 89]
[ 2 53 39 64 52 62 37 25 66 69 59 81  5  4 80 60 46 44 86 69 40 69  9 12
 67 72 32 44 72 50 23 19 88 23 97 96]
[23 18 73 71 84 58 86 83 46 53  1 12 92 89 66 83 37  6 47 48 82 63 57 54
 52 39 42 46 20 56 57 58 28 23 47 13]
[76 86 89 80 73 33 85 82 50 80 58 78 46 49 69 51 19 21  9 78 76 29 38 33
 51 66 19 23 31 37 60 70 17  2 29 45]
[65 12 96 99 21 14  0 37 31 28 13 23 35 74 86 84 72 81 60 25 86 90 93 40
 14 10  3 95 31 27 49 51 65 46 44 27]
[34 55 18  8 78 35 79 69 44 21 94 87 15 11 55 87 23 10  9 22 63  9 27 41
 82 49 90 79 85 84 71  2 84 53 18 24]
[44 62 44 84 67 60 18 16 50  6 20 44 59 58 15  2 52 15  0  9 22 11 91 92
 67 96 52 70 94 74 30 23  0 13 74 68]
[19 77 44 78 86 32 10 18 71 38 10  7 26  8 23 71 85 87 85 45 32 51 28 27
 14 35 92 87 43 62 80 86 15  9 75 79]
[61 77 60  2 28 31 17 15 93 94 71 68 31 46 50 68 12 16 36 65 16 17 58  7
 59 72 73 78 35 16 95 84 78 85  2 87]
[56 21  7  0 30 19 69 79 55 65 41 59 42 29 65 42 47  9 84 93 97 83 16 42
  9  0 13  9 45 57 21 19 67 30 66 74]
[66 51 60 65 35 75 36 37 24 45 77 58 93 60 46 55 13 17 47 38 86 90 80 60
 30 36 10  3 46 66 12 27 72 30 94 89]
[93 71 17 26 90 93 82 53 59 77 89 94 26  6 31  5  3  1  8 91 46 26 78 80
  9 85 37 47 73 66 54 65 21 82 74 73]
[75 93 67 42 73 62  0  5 67 41 26 53 31 34 74 49 70 75 89 99 87 56 16 23
 84 68 69 68  5  9  9 29 10 13 18 97]
[81 90 52 69 99 94 36 11 17 16  3 20 54 65 39 46 11 15 55 58 63  0 53 50
 75 13 99 64 47 52  3  0 93 20 36  4]
[10 15 86 74 30 41  0 36 52 55 93 80 12 22  3 18  5 39 55 59 86 91  8 30
 60 63 36 85 72 86 45 57 65 64 21 32]
[25 10 52 51 31 32 77 97 38 43 35 50 75 60 14 73 81 89 84 82 22 19 35 13
  6  9 91 61 54 47 87 54 51 93 13 11]
[14 10 64 81  8 21 93 85 38 29  8 55 10 23 60 36 96 95 39 18  2 18 11 10
 56 41 58 81 57 78 73 39 35 91 83 89]
[43 91 96 91 70 62 39 63 92 95 65 63 58 50 67 73 28 46 25 79 31 73  3 18
 46 48 56 62 13  3 88 10 91 70 67 70]
[18 27 89 39 16 65  0  4 68 60 11 61 44 23 33 17 95 80 40 30 40 56 98 40
 11  3 22 46 85 81  2 20 10 23 20  7]
[43 94 80 69 73 81 32 10 19 10  5 35  9 17 53 56 33 22 45 83 97 83 53 19
 28 17 44 39 85 46 89 88 67 46 97 92]
[46 87 83 78  8 26 46 78 94 88 59 53 91 57 37 23 50 34 99 87 49 57 18 26
 29 20 45  9  4 19 38  8 77 41 70 58]
[ 5 91 82 78 11 16 78 41 83 64 56 53 44 55 47 55 11 34 80 96 12  1  9 36
 72 93 41 29 84 45 24  2  6  1 76 46]
[ 4 12 23 13 72 90 90 66 29 98  2  8 62 53 29 42 71 58 71 68 48 44 51 86
  4 10 34  5 42  6 61 85 51 22 37 40]
[80 65 12 29 20 50 74 80 75 83 90 67 84 23 44 39 17 54  2  8 67 89 94 99
 60 54 35  6 12  0 20 23 25 77 63 47]
[72 25 88 89  3 18  3 27 90 89 98 30 97 94 86 37 64 45 48 49  6 32 33 61
 34 50 34 41 74 88 76 16 46 51 11 22]
[15 50 67 97 87 91  8  6  1 19 37 81 76 97 44 45  5  7 33 11 40 33  9 26
 13  8 89 86 50 47 15 41 92 90 91 67]
[35 44 22 11 98 83 50  1 53 52 63 62  9  1 30 98 44 14 52 39 80 93 80 84
 54 46 46 53  8 11 24 26 32 87 89 91]
[77 85 58 71 17  8 90 51 21  9 50 19 81 86 42 49 54 16 11 18 32 49 41 24
  6 50  9  6 64 91 10 25 47 66 71 86]
[81 84 92 63  5 20 82 94  9 15 72 10 53 67 75 55 56 79 25 30 35 22 26 31
 46 33 91 94 38 59 76 87 80 22 19 17]
[42 45  0  9 40 48 66 75 12  7 56 70 48 83 84 76 40 18 82 71 37 79 84 98
 62 80 39 59 95 98 24 59  8  4 17 30]
[17 15 34 36 16 89 85 92 78 74  7 25 78 67 30 42 43 24 43 60 13 38 95 92
 56 64 30 26  2 22 66 65 47 44 39 23]
[33 76 26 50 81 61 37 26 96  0 18 55 83 97 60 57 79 61 32  0 75 17 61 75
 25 36 86  2 18 41 84 24 32 52  9 92]
[66 72  7 55 83 11 18 85 72 64 71 51  2 44 74 16 69 56 88 96 51 89 68 39
  2 44 15 28 25 52 36  0 13 83  8  9]
[25 77 99 15 56 79 64 42 38 70 31 23  1 42 86 23 53 86 74 14  4  5 41 30
 36 37 74 22 42 23 60 50 22 88 23 16]
[81 68 67 52 35 45 23 91  7 72 48  3 92 58 47 13 56 88 24 12 57  7 88 29
 11 69 55 38 29 90 75  3 89 82  8  6]
[98  3 48 50 75 77 31 18 86 99  6 32 21 87  6 33 59 36 12 87 66 43 22 77
 15 58  4 83 91 31 66 97 28 25 79 43]
[44 93 27 38 82 56 81 22 21 72 11  4 45 77  1 34 32 88 73 55 32 92 51 93
 22 87 62 87 72 69 90 10 29 66 54  9]
[38 32 74 56 91  2  5 43 51 21  8 96 51  9 70 83 42 75 98 83 55  3 83 60
 13 94 71 50 75  2 94 22 42 53 79 48]
[62 44 45 70  1 39 83 27 16 91 74 89 97 16 39 26 84 51 23 79 38  5 56 43
 27 10 20 91 23 80  1 78 30 82 23 72]
[32 39 55 75 67 82 82 56 79 87 15 91 79 11 49 25  1 28 93 90 45 75 77 10
 27 42 87 25 58 98 84 71 54 38 63 99]
[74 54 98  1 78 93 65 11 29 55 74 88 15 21 84  0 92 86 19 45 13 47 82 39
 10 30 62 69  4 71 67 80 63  2 31 53]
[60  5 41 67 94 10 27 84 14 43 34 97 81 73 65 96 91 66 34  3  1  3 79 32
 38 79 11 82 44 97 35  2 38 40 53 38]
[47 97  7 88 69 30 44 50 93 64 36 91 97  2 65 79 13 61 84 81 48 54  5 16
  7 72 16 79  1 83 53 60 89 29 71 94]
[35 83 17 32 44 98 87 10 58 96 76  5 86 42 99 86 81 92 50 26 29 93 11 49
 49 79 47 82 70 48 39 24 60 71 98 18]
[29 89 67 80 55 96  7 13 97  7 25  4 43  1 87 73  8 25  3 61 33 32 98 99
 29 28 82 97 89 10 31 76 10 45 75 42]
[58 65 93 41 23 49 63 39 28 56 46 82 79 99 12 22 56 24 84 13 39 19 90 72
 24 11 23 52 43 24  8  2 61 38 30 65]
[89 41 62 88 57 18 96 34  8 81  8 69 27  2 54  4 73 74 27 18 82 91 73 55
 23 13 25 53 61 77 10 51 89  7 99 32]
[38 42 20 95 50 25 10 17 20 76  2  0 12 42 28 16 76 63 96 20 37 43 83 64
 88 55 68 26 59 82  9 99 27 79 27  7]
[49 20 49 20 15 13 32  9 92 22 59 38 23  4 63 13 24 85 19 11 10 54 38 28
 15 20  1 82 21 18 20 33 35 99 86 26]
[98 16 56 62 85 15 77 84 64 27 11 44 29 16 92 62 53 29 67 33  1 80 23 91
 25 77 60 83  4 91 11 24 74  1 43  2]
[23 29 79 63 73 25 21 59 27 75 40 75 27 65 26 27 13 59  0 48 34 83 39 53
 70 63 52 70 85 38  1 89 77 31 57 71]
[91 41 66 55 69 98 37  9 66 40 83 29 12 55 73 12 75 45 70 42 56 37 74  2
 21 51 42 40 19 55 68  6 18 71  6 39]
[ 7 62 81 14 68 34 44 81 46 63 86 12 42 60 42 54 24 23 11 20 53 46 27 17
 22 95 57 30 45 30 40 75 40 93 24  4]
[74 43 12 39 26 17 34 82 82 91 73 53 28 10 91 85  9 99 66 58 43 49 69 88
 32 81  2 64 23 44 98 91 83 15 71  6]
[61 15 36 69  3  7 22 30 95  3 95 20 23  6 56 87  0 77 27 91 22 72 96 69
 91 60 19 90 33 13 49 97 72 20  8 10]
[14 27 35 80 78 14 23 99 11 55  8 93 30 32 29  9  9 32 16 99 43 86 62 99
 38  8 98 68 18 74 13 86 22 60 53 17]
[ 6 37 65 92 50 68 42 78 76 41 10  5  2 45 18  9 26 33 71 39 20 33 64  4
 36 67 89 81 44 84 36 61 78 51 90 80]
[59 56 13 59 54 38 38 58 93 46 18 87 95 65 39 59 87 15 49 73 58 69 64  5
  9 68 55 89 15 46  8 95 85 18 64 89]
[33 58 74 15  3 93 43 18 76 30 49 87 31 32 90  9 70 47 59 15  3 70 66 10
 66 61 15 65 44 71 78 91  9 27 26  9]
[92  9 97 68 60 42 38  6 56 26 97 71 15 18 10 59 39 49 87 28 61 26 17 61
 30 93 79  2 65 45 27 28 35 84 42 94]
[ 3  5 25 84 31 74  3 65 44 48 16  1 55 65 46  1  2 18  7 68 54 23  5  7
 66 86 71 87 83 28  1 28 28 16 49 57]
[37 20 25 95 47 50 98 74 51 53 66 75 36  8 94 20  1 47 70 57 46 44 11 27
 65  8 46 25 24 19 24 44 68 72 18 77]
[53 85 18 19 92 30 67 87 63 18 92  7 94 22 40  9 96 95 98 58 66 21 55 98
 69 50 88 13 42 24 92  9 83 29 79 34]
[18 78 11 44  3 78 18 98 84 14 23 82  8  3 83 18 52 44 27 67 17 76 67 12
 83 67 39 63 21 74 26  0 82 43 19 58]
[52  9 68 56 46 96  0 44 15 83 70 51  0 87 13 82 99 62  7 54 13 16 93 73
 83  5 88 11 49 68 95 68 80 40 48 82]
[33 14 66 37 95 14 52  3 65 93 83  7 95 40 83 28 82 53  0 16 98 74 74 30
  8 19 60 68 74 65 83 16 66 19 88 25]
[55 25  6 89 35 77 45 31 82 39 17 29 36 74 42 39 61 29 96 62 53 84 29 85
  1 99 30 15 76 96 40 29 59 26 38 77]
[86 45 39 15  5 11 30 91  4 55 21 10 99 32 67 53 48 16 77 40 83 19 84 40
 23 38 84 60 92  6 42 24 25 43 35 78]
[63 44  1 61 66 17 97 74 19 18  8 30  8 17  7 48 68 50 43 83 94 25 82 63
 29 54 43 82 79 76 55 43 67 92 21 41]
[97 64 90 17 17 11 58 91 48 18 78 98 30 22 33 50 42 54 42 32 82 23 30 68
 95 66 92 62 98 49 42 74 44 82 40 68]
[20 99 54 74 99 56 40 70 99 15 38 58  0 17 69 73 38 19 71 90  7 21 42 88
 16 61 67 68 47 84 15 67 45 24  4 93]
[ 2 66 69 57 13 74 51  7 28 57 62 37 85 71 26 85 59 97 85 35 18 64 30 59
 38 24 34 71 17 89 80 69 34 28 26 63]
[75  8  6 26  1 50 86 74 88  1  2 75 33 91 70 58 75 98 57 59 98 68 43 56
 12 74  1 44 52 10 66 50 68 24 13 46]
[57  8 51 26 93 97 21 84 94  6 66  6 53 87 99 28  7 94 90 89 34 24  5 96
 66 28 29 60  0 70 32 35 62 23 39 33]
[97 74 66 95 43  0 18 73 56 29 61 65 51 10 77 75 74 55 75 79 90 70 47 28
 42 88 66 68 39 29 75 74 22  1 45 72]
[51 89  6 63 31 64 72 63 78 38 82 48 10 19 58 34 70 16 97 30 13 28 76 60
 84 63 76 91 44 59 73 51  9 26 48 93]
[64 77 94 78 81 22 44 82 34 44 98 89 75 29 19 80 36 16 41 68 33 17  3 57
 34 50 42 60 23 43 77 84 35 62 95 26]
[21 77 93 12 36 75 25 28 89 60 15 63 71 20 96 35 92 34 77 86 24 74 10 97
 88 60 73 65 26 38  5 50 99 90 25 73]
[10 13 22 95 84 50  4 18 75 12 96 63 39 72 20 27 78 23 39 12 21 47 24  1
 35  4 25 38 97 11  1 53  6 86  8 31]
[42 73 42 28 69 16 15 52 27 22 50 68 96 49 69 16 53 22 15 26 58 81 68 24
 60 46 10 32  8 47 66 76 88 61 88 96]
[72 35 86 40  1 79  9 84 59 34 26 91 52 99 42 22 47 17 19 65 80 48 48 33
 64 96  4 78 42 96 83 25 92 36 83 69]
[59 83 77 96 25 76 71 95 50 15 58 13 18 78 28 13 77 41 24 52 74 49  6 61
 25 22 73 21 48 95 37 91 60 38 53 72]
[61 75 96 78 94 69 93 14 86 47 89 90 92 35 13 37 44 59 68 97  8 59 57 58
 38 61 77 78 76 35 22 50  9 83 67  5]
[76 60 41 43 89 33  1  8 85 31 59 27 17 82 26 78 65 38  2 37 92 50 78 77
 95 19 79 15 26 32 81 72 62 50 32 83]
[68 86 18 91 39 74 98 17 94  9 37 92 21 13 62 18 50 51  8 37 67 95 74 44
 50 22 75 34 85 36 20 13 24  3 47 44]
[20 51 28  3 78  7 77  6  6 23 59 33 29 13 25 76 74 39 80  2 94  5 95 98
 68 59 59 37 99 26 36 47 29 28 27 69]
[33 54 36 91 53 89 57 17 36 74 74 51 75 66 60 25  1 26 50  1 50 51 74 51
 87 84 87 11 86 89 26 10 77 72 40 65]
[90 71 76 65 45  1 47 30 42  3 83 93 44 55  3 67 64 22 75 67 82 81 32 70
  2 52 60 29 29 59 63 61 39 46 69 65]
[25 64 51 95 93  0 88 24 34 76 58 76 87 98 53 94 20 50 26 69 17 62 13 20
 52 27 25 61 43 53 94 92 24 61 24 33]
[84  8 87  0 37 39 37 89 48 96  6 57 42 81 88 57 96 68 30 32 62 58 30 35
 16 61 21 62 70 55  0 30 15 38 97 20]
[87 11 51 35 22 67 24 58 12 97 86 17  4 93 54 63 61 69 68 79 13 73 96 38
 67  4 26 66 78 19 20 21 68 44 79 44]
[97 54 89 95 93 78 96 34 18 37 14 65  1 41  9 59 19 15 90  1 80 62 74 77
 10  9 10 55 50 38 87 88 93 55  5 37]
[26 21 90 66  8 76 58 94 74 17 85 37  7 43 50 10  0 92 48 69 67 57 42 32
 83 15 24  6 71 42 65 32 58  8 10 68]
[ 0 83 65 57 79 32 20 28 33 12 11 81 52 15 94  8 32 64 68 71 13 88  6 38
  9 65 40 66 89 31 28 86 64 88 95 46]
[78  7 51 83  5 94 30 34 82 28 78 80 18 35 55 72 84 80 42 83 89 75 62 58
 98 83 74 91 37 84 77 74 25 19 63 47]
[ 1 46 11 40 66 38 43 67 11 57 52 53 30 78 24 68 35 58 81 92 65 57 44 18
 76 28  5 81  0 40 25 40 24 73 44 19]
[47 34 45  8 80 99  2 98 21 97 61 39 34 57 11 34 27 36 44 89 31 64 55 52
  7 90 83 77 19 50 87 83 42  0 90 76]
[72 32 21 14 58 34  9 42 97 22 21  4 81 13 43 69 42 65 21 14 79 77 26 80
 91 41 18 64 47 59  2 89  1 55 89 29]
[27 49 55  3 94 20 43  7 51 92 59 49 76 85 11 47 44 37 78 86 62 60  1 29
 91 54 56 13 75 19 23 29 96 34 84 45]
[87 16 41 83 40 38  7 77 20 62 69 18 68 36 96 94 86 17 68 86  2 47 54 21
 16 31 18 49  3 58 92 70 30 10 21 75]
[40 28 66 14 95  8 36 74  7 46 41 97  2 35 25  7 86 70 81 42 71 76 26  8
 82 29 64 56 88 38  8 16 49 57  9 95]
[22 67 75  5 31 22 99 74 78 25 37 23 66 78 69 66 44 35 32 56 90 19 74 68
 39 74 99 96 41 62 21 54 77 93 78 12]
[ 8 32 26 38 78  2 79 62  5 44 23 31 27 94  6 32 96 76 97 59 66 12 52 86
 83 26 93 82 83 80 46  8 41  0 19 15]
[ 1 27 98 75 53 80 43 68 23 90 28 84 27 36 65 11 27 77 24 12 80 96 25 57
 53 95  2 67 27 76  8 24 73  4 19 73]
[68 46 38 37 93 81 87 22 70  6 64 20 41 89 36 17 94 76 32 49 12 19 15 99
 30  1 18 85 64 39 71 18 55 35 37  3]
[27 51 30 21 16 39 93 35 15 68 58 12 77 66 32  4 84 81 92  9 27 68 83 93
 68  3 23 85 47 57 86 44 27  1 34 82]
[60 93 10  7  6 52 22 11 38 46 48 54  1 95 74 95 83 51  1 76 89 19 54 36
  7 86 61 66 73 87 83 64 91 92 89 53]
[34 12 39 19 31 91 22 31 31 52 45 10 50 52  6 74 57 68 71  5 69 91 41  0
 75  6 50 55 38 57  9 81 68 29 98 38]
[85 71 60 49 67 57 77 71 21  1 81 32 82  7 45 63 75  3 69 13 18 32 42 41
 90 74 78 99 75 74 45 86 35 82  7 91]
[88  4 94 86 80 91 31 14 92 88  9 37 80  7 54 78 32 24 34 93  7 96 92 60
 56 83 35 85  1  5 68 17  1 32  1 44]
[84 18 27 67 64  5 62 16 12 56 77 80 33  6 43 98 29 64 17 89 83 10  1 23
  7 49 92 34 77 57 54 76 86 88 11  9]
[43 83  6  5 90 39 69 15 86 85 89 53 91 49 88 57 54 16 64 10 62 83 49 26
 15 26 31 65 10  8 80 29 38 12 78  1]
[90 32 13 55 61 86 82 21 97 25  6 27 47 76 62 41 20 48 23  8 85 72 83 17
 60 20  5 77 21 93 18  1 10 30 40 29]
[60 95 16 90 19 49 72 67 25 40 68 56  1 39 22 27 73 35 30  6 92 48 99  4
 13 29 89 57 11 49 52 11  9 25 69 79]
[46 34 15 68 80 66 31 43 18 47 46 18 63 45 84 36 76 81 69 60 23 30 75  8
 59  9 31  0 11 90  5  4 34 64 81 76]
[53 16  0 75 54 13 13 53 42 89 31 29 67 90 88 54 84 55 36 11 64 32 17 52
 91 92 33 64  1 11 96 72 96  4 93  2]
[27 23 75 38  3 93 24 57  8 69 36 85 86  1 17 43 87 48 38 28  1 99  8  2
 59 71 95 71 25 56 99 65 44 59 48 86]
[42 16  7 44 38 27 21  9 81 79 11 43 71 50 54  6 40 41 10 93 32 43 42 32
 71 43 90 12 25 80 49 79 55 23  8 32]
[19 55 90 71 76 84 90 71 27 34 52 53 78 18 55 42 67 46 50 15  0 33 36 79
 86  8  7 48  9 12 29 39 62 32  2 17]
[60 64 51 34 82 69 62 42 25  9 61 58 75  4 39 58 33 62 78 59 88 53 25 12
 66 32 21 90 79 17 59 22 20 80 82 50]
[65 23 21 18 32 79 27 33 90 89 29 63 53 57 50 96 69 92 46 64 51 86 21 86
 57  9 83 71 89 18 94 57 79 27 89 39]
[31 82 89 58 42 33 64 83 82 86 34 30 92 69 36 38 19 37 76 96 89 77 62  7
 34  6  0 57  9 84 70 89 28 22 24 48]
[99 50 29 48 18 26 65  5 67 19 24 52 10 74 12  3 71  6 60 43  7 45 27 48
 79 32 93 40 62 92 55 25 46 88 30 47]
[87 46 42 29 33 85 23 93 55 58 74 96 20 85 99 51 20 36 16 66 21 78 91 94
 62 61 96 77 48  7 85 54 36 56 55 81]
[11 35  8  1 67 94 66 45 92 54 69 31 27 58 41 30 88 87 38 17 42  8 32 87
 43 56 56 18 76 41 46 18 30  8 52 23]
[29 89 49 19 23 17 10 51 63 44 31 96  4 34 52 16 20 43 99 51 26 44 79 63
 35 91 44 65 77 19 94 77 74 49  7 70]
[46 42 49 50 59 44  5 29 72 21 34 36  5 29 44 10 65 25 80 67 32 54 94 21
 80 50 65 21 32 73 89 92 78 62 89 13]
[29 29 81 52 15 56  9 23 86 37 69 96 60 24 55 98  3 70 66 77  3  7 99 39
  5 90 31 76  1 91  2 23 86  6 97 54]
[91 42 20 95 52 51 68 57 51 99 55 24 88 14 35 18 92 71 81 50  2 32 51 22
 31 28 39 36 35 94 59 43 58  7 20 22]
[98 86 59 39 74 44 98 63 47 15 35 41 37 88  9 83 22 83 10 60 55 12 54 70
 87 16 24 28  9 25 91 90 28  1 93 94]
[50 36 40 80 26 69  9 36 30 89 11 86  5 88 36 14 87 73 48 36 57 92 29 43
 96 30 10 87 22 86 39  6 92 13  5 45]
[28 65 74 64 50  9 74 15  3 71 41 63 27 78 94 79 84 40 48 98 88 56  5 47
 15 46 54 46 69 99 34 74 68 99 74 22]
[11 50 81 98 18 80  9 62 26 64 81 33 72 98 22 84 96 23 70  2 71 37 34 10
  7 74 80 10 86 94 12  1 40 81 89 70]
[29 90 79 55 33 79 14 18 17 99 89 76 34 60 49 68 72 82 17 43 60 56 80 47
 93 59 86 69 56 20 47 15  2 30 50  7]
[ 2 73 63 84 57 85 10 81 74 32 47 27 40 23 35 14 65 42 85 78 14 95 46 65
  8 34 74 32 12 48 77 95 82 98 10 81]
[84 97 81 40 45 22 39 66 74 99 26 80 67 98 70 59 13 19 87 61 71 78 23 18
 48 94 70 57 70 26  6 79 75 63 11  7]
[ 1 15 61 97  3 51 33 65 77 87 97 99 89 35  6 35  3 77 97 91 38 69 52 73
 59 99 13 62 58 55 23 21 46 53 34 57]
[11 98 60 82 92 39  7  9 66 43 67 62 17 87 67 25 84 21 69 64 64 75  5 58
  3 17 93 81 59 86 27  1 44 88 77 65]
[52 27 14 83 25 78 62 19 46 24 55 89 23 54 71 13 91 16  4  8  6 72 16 83
 93 67 83 66 68 77 39 44 55 87 22 58]
[83 98 75 22 40 80 10 66 84 44 76 87 22 98 38 34 29 86 44 64 93 97 61 54
 79 42 33 75 39 58 54 74  8 89 46  8]
[39 29  7 97 62 20  9 59 10 77 77 24 41 62 70 88 21 35 72 68 75 19  0 95
 26 40 69 52 48 21 92 70 40  0 40 88]
[75 34 69 35 91 60 50 45 26 44  1 36 45 62 31 16 27 82 94 27 81 39 77 58
 73 29 63 84 77 69 24 58 89 12 61  0]
[78 67 65  9 25 76  6 53 99  9 18 74 40 88 87 52 17 38 10  1 76 96 50  9
 15  9 80 11 60  4 53 27 95 42 56 85]
[29 75 53  8 26 45  4 64 59 91 12 68 97  9 86 48 94 12 79 97 39 99 17 15
 54 34 98 90 36 35 76 68  7 10 75 49]
[95 75 86  3 39 51 27 62  4 49 66 34 99 80 96 65 19 54 89 82 98 10 75 35
 25 46 45 94 98 79 33 39 90 18  3 91]
[27 67 39 43 52 98 86 89 56 28 47 72 46 26  5 30  1 27 88 53 39 97 24  6
 65 77 92 75 57 69 80 38 45 98 34  1]
[98 85 48 74 42 69  0 67 82 87  8 83 87 13  8 61  2 65  0 59 46 71  4 30
 39 68 15 51 48 31  4 68 51 33 98 57]
[83 35 78 63  7 63 10 43 43 79 43 86 87 41 38 68 81 46 35  0 29  2 10 97
 53 75 17 46 98 16 38 15 67 14 52  0]
[39 74 66 44 87 45 98 83 72 40 88 64 49 13  0 59 78 75 87 47 13 34 92 28
  7 61 39  0 77 25 40 43 91 15 82 57]
[92 42 45 57 37 33 48 63 93 67 66 89 51 32 72 84 92 31 96 11 11 44 97 42
 48 25 63 77 23  6 22 36 90 21 12 59]
[32 84 87 19  2 71  4 50 23  8 49 92 42 23 82  3 58 84  4 34 75 22 82 13
 60 18 41 89 47 38 51 62 23 45 63 76]
[37  2 43 30 55 15 45 66  5  0 19 51 29 82 76 21 13 66 87 46 82 67 29 10
 39 45 22 97 14 80 96 69 65 18 84 27]
[99 47 86 19 94 46 51 66 61  5 83 20 98 90 63 55 17 99 84 22 64 95 96 14
  7 83 95 81 20 83 22 85 82 18 91 48]
[35 16  6 23 98 87 68 31 42 50 97 24 61 34 30 70  9 52 66  0 89 77 61 91
 57 77 64 56 16 90  3 98 86 76 37 85]
[54 55 58 68 12 57 60 13 25 44 53 85 89 57 35 70 95 69 83 53 58 65 14 19
 52 66 63 45 50 86 60 27 64 53 89 34]
[12 96 53 76 43 24 21 42 20  7 35 34  8 90 65 78 84 43  8 53 34 79 25 23
 37 99 50 30 45 63  2 77 90 17 40 86]
[77 59 85 68 99 85 52 92 79 29 43 79 30 27 77 31 62 85 37  1 95 41 52 37
 91 87 39 37 92 61 14 34 30 68 84 51]
[20 94 55 58 43 80 54 61 38 43 74 62 25 41 77 51 31 87 34 86 27 46  7 20
 18  5 55 30 38 86 90 83 91 38 12 32]
[85 12 68 96 35 99 76 48 88 87 58 21 80 46  2 97 53 86 54 60 14 68 89 38
 78 65 55 69 54 93  0  2 62 85 11 16]
[87 10 65 59 71 89 87 76 26 41 71 26 86 17 35 61 65 86 62  7 71 54  8 62
 92 24 54  1 91  6 29 15 96 64 95 69]
[39 86  7 74 21 55  4 96 11 21 51 83 22 13 40  5 27  3 38 45 29 17 68 11
 54 85 67 10 92 42 13 24  9 11 46 83]
[42 73 92 58  2  3 31 62 98 11 96 18 95 42 27  4 38 39 40 89 64 51 13 40
 25 40 45 39 53 95 24  8 41 12 56 95]
[ 4 48 62 27 21 97 76 29 70 53 76 99 31  9 67 18 57 96 24 39 70 85 23 90
 92 74 66 65 81 95 96 27 99 43  4 81]
[59 37 33 10 42 66 15 76  3 27 10 45 10 75 69  1 92 36 87 53 47 10 26 33
 91 19 59 89 67 54 75  4 40 55 43 46]
[81 55 82 35 56 49 80 28 22  2 39 74 51 33 36 59 28 26 46 92 81 51 63 72
  5 11 12 35 26 55 59 45  5  0  2 61]
[11 28 19 67 67 89 79 69 74 30 62 69 14 16  9 89 19 39 13 93  7 82 50 68
 37 84 79 68 44 35 11 35 19 59 23 95]
[ 2 84 28 78 61 44 62  0 26 95 68 91 28  4 62 92 42 37 84 23 77 22 13 75
 68 47 47 57 82 93 92 24 80 98  9 82]
[31 55  1 28 27 19 89 74 48 63 99 88 26 45 26 19 85 22 92 59  2 50 21 93
 68 23 46 65 80 84 17 85  6 57 63 92]
[67 46 86 49 69  9 58 74 57  0  1  8 39  3 86 19 14 83 23 16 15 54 47 71
 35 17 55 74 51 69 74 94 60 39 12 75]
[ 3 81 39 28 42 66 14 49 45 75 18  5 61 11 48 86  0  8 57 62 19 11  6 19
 72 70 36 95 78 38  9 73 36 61  6 49]
[ 3 51 58 81 68 50 34 41 92 68 82 39 39 11 39 81 21 27 73 85 96  0 90 65
 38 63 51 99 34  6 36 10 51 32 96 47]
[92 97 55 52 20 35 93 47 92 71 99 60 90 65 70 48 83 58 62 21 35 17 38 49
 92 43 93 58 54 58 46 15  2 99  4 86]
[78 31 97 71 18 85 84 78 17 13 82 47 46 22 37 27 48 26 78 83 74  8 31 71
 49 74 88 26 35 48 83 33 70 94 39 51]
[ 1 81 34 35  0 87 76 51 19 24 74 68 35 23 11 23 87 46 79 81 55 77 32 58
 38 32 70 23 24 68 83  1 43  9 15 68]
[57 22 80 39 39 29 52 81 92  9 84 17 15 21 67 31 13 77 71 21 31 54  3 63
 75 77  4 23 35  0 82 64 58 38 65 93]
[47 12 54 37 34 53 53 45 85 71  5 47 14 94 40 75 23 67 23 54 82 61 89 18
 22 98 71 31 97 64 58 30 27 93 12 69]
[ 0 45 42 99 18 66 59 11 22 96 60 41 33 69 80 48 58 15 17 29 44  1 42 67
 29  2 46 25 95  0  3 50 56 72 15 42]
[32 57  7  3 39 32 25 18 60 57 37 34 54 26 44  9 94  3 55 42 45 50 76 96
 32 86 82 29 49 29 67 87 99  3 36 42]
[68 45 85 39 65 89 74 24 35 59 83 62 49 94 42  9 27 65 60 94 76 93 11 98
 59 36  0 44 70 75 97 13 95 30 47  4]
[11  3 86 44 69 54 63 99 45 91 15 14 98 66 16 15 24 41 87 79 71  0 76 66
 70  2 95 96 51 77 65 26 75  4 78  8]
[37 26 72 12 79 42 66 42 35 64 22 20 23  1 64 10 88 17 96 53 62 88 37  7
  3 65 73 98 43 93 12 24 58 90 72 20]
[82 36 61 78 26 77 30 64 76 75 91 69 35 99 73 46 95 11 50 11 63 71 53 99
 44 31  2 74  4 94 48 12 85 84 42 50]
[74 53 34 97 77 10 14 23 61 15 23 84 97 58 80 53 25 36 83 23 66 47 29 55
 68 28 83 58  3 88 62 39  7 88 41 97]
[24 39 99 23 24 89  3  7 79 28 46 67 13 75 14 18 67 69  5 40 29 13 81 14
 88 49 26 52 32 39 42 54 64 30 34 99]
[34 74 35 80 89 55 34  9 97 84 20 50 86 70 39 35 10 76 34 68 19 71 13 53
 85 81 67 50 37 52 70 26 97 52 85 76]
[72 44 40 43 44 12 13 41 19 83 54 51 68 54 50 84 41 82 34 42 22 27 43 91
 71 43 43  7 26 28 25 29 40 94 34  6]
[80 94  5 16 21 47 23 39 66  7 59  0 19 58 38 83  8 47 34 76 63 42 27 29
  4 55 96 92 35 41 36 10 77 29 52 61]
[65 38 42 40 72 40 31 84 83 55 56 83  2 13 98 37 16 89 83 73 74  5 17 34
 41 46 73 79 41 38 17 88 62 92  6 53]
[ 6 50 35 60 68  9  6 25 31  7 47 67 60 12 45 38 10 57 14 71  3 56 42 79
 80 45 74 57 59 43 29  1 47 76 57 71]
[53 36 20 34 16 99 70 71 20 84 38 63 58 44 25 47 73 45 22 73 69 60 54 91
 48 70 30 48 50 47 20 48 80 58  8 36]
[55 58 55 69 88 32 10 34 80 85 69 34 17 47  7 13 93 76 34 62 52 70 18 47
 27 97 35 78  0  4 80 47 84 29  9 27]
[15 73 33  3 66 49  9 71 38 61  0 77 91 31 46 25 18 34 73 48 29 54 97 34
 58 36 53 11 89 18 81 69 46 61 51 47]
[67 68 98 95 22 70 62 21 64 16 45 37 14 74 52 14 93 22 75 98 48 80 18 61
 67  5 60 79 73 22 16 83 54  4 50 55]
[35 65 17 24 73 26  7 21 57 11 69 71 63 27 90 17 61 34 89 10 17 29 34 94
 52  8 28 52 91 60 55 28 15 87 95 46]
[73 68 84 52 89 31 90 77 99 61 48 76 70 57 75 77 73 45 93 75 47 64 91 67
 63 71 95 91 57 19 84 64 68 31 90 99]
[17 92 73 12 39 49 93 87 12 13  2 34  3 19 93 74  4 98 90 70 41 99 84 66
 63  5 38  4 89  6  7  5 15 87  2 88]
[69 24 74 20 76 19 17 47 11 78 19 97 18 73  5 38 75 55 30 94 93 45 11 47
 94 12 65 80 12 49 19 26 42 58 62 37]
[58 64  0 68 99  9 66 49 98 91 34 89 75 50 76 65 23 80 36 65 20 31 39 50
 31 44  0 24 11 83 62 57 10 74 86 46]
[ 8 50 42 97 29 35 65 22 25 26 15 70 91 75 94 61  8 29 90 13 64 60 70 45
 19  4 46  1 51 22 32 37 62 21 70 60]
[65 11 82 39 33 63  7 34 70 25 89 68 27 22 91 52 18 91 60 17 28 37 78 62
 47 27 62 25 33 79 26 78 23 47 37 12]
[ 8 82 65  9  7 38 53 11 79 55  8 61 24 68 88 41 30 22 25 88 66 62 28 19
  7 90  9 47 41  3 38 96 23 24  0 11]
[92 35 85 70 36 45 52 29 85 28 51 47 74 57 78 82 31 40 93 57 98  6 66 11
 53  1 66 74 47 39 54 14 61 56 82 96]
[71 93 10 86 60 35 46 43 16  0  3 19 69 57 22 41 53 21 21 95 27 85  2 86
 16  1 33 87 86  9 22 54 53 77 61 85]
[80 24 52 87 11 30 45  2 38 75 99 62 75 39 35 43 50 52 94 75 13 43 37 43
 27 31 50 98 58 20 93 53 52 90 63  0]
[32 53  2 97 68 17 77 74 87 69 38 62 63 62 44 74 78 88 85 40  6 21 12 32
  2 21 23 33 35 29 46 38  7 96 90 91]
[59 82 57 80 96 22 86 48  0 94 66 63 42 72 45  6 22 32 52 47 80  8  6 18
 92 47 96  5  9 43 88 26 52 23 36 13]
[16 51 35 57 14 48 91 81 39 84 98 37 65 38  9 81 31 27 70 59 54 67 76 68
 76  8 12 35  6 57 41 23 47 98 15 32]
[76 79  1 16 58 88 22 96 71 16 94 69 68 55 64 50 22 85 36 14 68 14 50 80
 63 23 24 38 13 59 12 55 33 36 85 96]
[72 77 36 63 87 86 75 21 97 17 57 78  7 12 20  9 35 23 98 55  7 94 69 15
 64 42 24 61 54 62  7 29 60 23 17 16]
[22 20 60 84 40 96 55 11 86 69 51 64 87 50 29 10 89 13  2 60 77 90  7 86
 34 60 78 20 50 22 52  6 84 20 85  3]
[90 13 51  8 94 24 14  2 20 48 53  3  4 96 12  8 85  5 49 92 18  4 52 66
 32 52 31 42 17 38 17 71 18 61 37 27]
[51 23  2 96 34 93 66 52 10 98 81 38 76 93 16 86 77 46 79 16 12 62 81 58
 77 53 76 51 54 61 33  2 66  5 30 42]
[71 13 94 47 22 60 58 47  7 11 58 44 80 10 58 15 15  6 88 69 62 50 74 43
 15 37 10 39 54 46 20 29  9 38 10  6]
[54 33 49 64 39 34 53 20 46 36 24 39 70 35 47 94  9 35 95  1 98 90 70 73
 24 60 88 50 21  4 53 84 99 69 31 84]
[79  0 82  7 21 71 64 47 93  7 68 77 27 21  6 22 84 50 81 62 27 91 59 20
 72 87 34 75 56 22 30  5 37 68 11 59]
[33 91 96 53 50 94  4 73 15 38  4 88 19 21 42 78 31 15 23 50 41 17 23 47
  0 46 83 22 32 86 41 32 19 16 20  2]
[16 27 38 68 68  2 82 43 53 70  7 92 16 55 64 61 75 39 58 79 10 59 43 77
 59 44 62 72 67 97  4 25 95 27 93 45]
[71  9 62  3 48 90 46 16 98 21 67 80 10 93 19 71 59 45 32 58 51  4  8 18
 15 84 32 89 51  0 16 61 16 39 21 40]
[88 77 23 38  9 44 36 76 77 58 88 26 85 67 89 59 63  2 55  4 58  0 40 29
 86 65 47 26 85  2 98 81 86 17 50 67]
[61 16 72 43 16 81 86 96  9 15 96 17 25 88 13 96 86 84 29 42  5 54 62 79
 79  7 43 21 34 28 78 32 64 56 70 91]
[53 25 98 50 65 38 81  7 53 67 85 50 41 19 80 53 55  5 31 81 65 44  1 41
 89 43 45 71 30 91 40 77 20 53 43  0]
[11 19 50 64 25 27 57 82 70 17 38  9 94 74 72 86 84 50 54 35 25 52 19 23
 41 87 40 43 51 83 60 59 25  1  1 50]
[49  8 52 88 63 56 44 46 51 60 68 60 68 38 13 95  3 21  7 20 49 48  2  6
 66 50 33 60 59 18 54 14 55 29 82 15]
[44 36 96  5 61 19 44 35 44  1 92 93 39 66 49 30 28 92 83 72 69 38 41 21
 45 40 95 12 25  4 24 63 39 45  6 11]
[ 8 53  4 24 90 67 11 56 85 20 60 46 20 16 76 19 64 11 31 84 61 84 34  1
 46 77 66 82 12 19 55 48 67 22 64 25]
[28 86 24 13 64 80 94 72 55 82 47 81  8  6 93 99 40 38 73 37 22 10 29 83
  1 88 99 24 95 22 99 94 99  3 58 97]
[57 92 27 54 49 51 49 28 86 95 49 53 48 93 45 92 28 11  5 75 35 95  3 80
 26 27 70 81 87 66 76 46 72 13 11 88]
[38 86 47 19 14 34 85  9 24 62 21 35 61 53 61  3 69 65 40 22 75  7 88 83
 69 58 83 25 74  7 95 48 16 94 90 63]
[30 60 33 15 47 49  5 85 51 83 88 21 49 97  8 88 98 87 13 33 44 86 79 10
 68 57 65 52  8 63  5 34 26 82 61 51]
[20 74  3 38 14 10 34 58 79 48 13 44  1 31  2 12 13 51 10 68  7 32 53 82
 42 66  6 69 10 88 43  6 11 54 38 75]
[57 12 42 85 62 32  7 78 86 91 89 59 19  5 57 47 27 81 39 13 28 91 83 19
 90 95  9 33 77 27 83 20  0 84 47 66]
