[13 50 28 28 10  6 39 77 11 41 14 59 31 25 83 12 95 40 34 35  1 75 68 10
 75  5 25 68 10 69 17 71  7 24 36  9 61 56 23  2 11 50 75 56 20  4 57 25
 19 76 16 25 37 25 52 18 59 43 35 46  3 82 93 10 37  7 75 77 10 20 15 25
 47 35 42 10 35 30 37 18  0 25 45 91 23  8 44 12 23 51  2 50 43 29 44]
[16 25 69 46 16 17 36 17 14 43  1 60 25 19  5  7 25 90  9 69  3 75 25 44
 25  9 45 57 39 38 10 46 62 23 33  4 74 50 10 52  5 75 45 10 44  8 31 25
 75 10 11 45 49 15 16  2 74 28 26 42 15 50 62 10 27  6 68 70 34 20 14 48
 85 36 49 18 15 69 33  4  0 88 67 48 48 12 67  7 48 43 13 60 50 51 35]
[ 4 64 28 20 67  8 28 91 22 32 12 25 65 38 30  1 25 25 96 22 10 50 25 35
 20  2 19 75 33 20 17 57 69 10 20 16 25 69 48  7 18 32 33 87 56 13 50 50
 35 28 11 50 27 48 38  3 89 41 10 54  7 25 50 55 22  9 10 51 51 30  5 25
 33 60 35  6 50 52 10 20 14 50 41 34 37 15 36 10 21 79  0 25 25 35 52]
[ 3 75 44 10 81 13 56 69 28 11 16 70 28 56  5 15 46 69 74 20  2 57 73 53
 22 12 25 11 25 53  7 50 89 70 25  9 74 93 10 17  8 15 69 21 20  4 50 25
 34  7 10 33 69  6 65  1 72 25 48 48  6 50 34 42 22  5 25 88 22 26  0 92
 59 15 20 14 61 55 13 20 11 46 47 14 67 17 75 33 10 56 18 54 69 65 20]
[ 2 25 25 35 25  6 25  0 25 25  8 75 78 10 87  9 71 30 13 20 17 25 25 10
 64  5 70 38 50 57  1 50 63 22 20  7 85 25 56 27  0 25 25 70 20 10 41 75
 44 20  4 25 25 33 45 11 10 25 25 38  3 50 34 10 36 12 11 50 74 17 15 25
 10 17 20 16 49 50 11 39 13 65 25 10 32 14 74 35 10 75 18 36 22 39 67]
[15 41 32 25 25  0 75 25 23 25  3 50 75 66 20  8 25 16 25 25 14 25 71 59
 63 10 25 59 16 75 12 25 68 49 27  7 25 41 23 67  9 74 50 10 66  4 15 55
  7 11 13 78 51 31  3 11 25 27 35 50  6 25 25 22 25 17 25 69 57 12  5 25
 11 35 93  2 25 50 35 24  1 25 45 15 25 16 50 32  8 42 18 47 29 13 60]
[11 75 20 10 24  6 25 46  7 25 13 25 34 60 60  3 27 67 13 32 10 56 64 35
 26  5 41 75 43  6 18 25 49 94 40  8 58 40 25  5 12 50 25 10 35  2 25 25
 81 42 14 57 39 18 55  4 36 25 33 57  1 50 73 47 22 15 55 45 25 44  7 50
 50 12 20 17 50 69  1  7  9 74 54 10 30 16 45 45 50 24  0 52 71 33 20]
[11 25 25 12 20 17 25 69 60 20  5 25 65 35 18 16 25 69 35 20  8 25 54 50
 10 10 80 25 11 85 13 25 19 29 72 15 50 25 30  8  6 35 50 50 20 14 47 25
 37 16 12 21 25 39 46  7 50 27 14 27 18 50 46 11 43  9 40 40 44 21  4 69
 65 12 20  3 44 58 54 27  2 63 52 16 20  1 88 52 10 20  0 29 25 30 77]
[  6  25  94  23  25  13  25  83  25  51  10  25  57  35  38   5  80  25
  57  25  14  46  25  16  85   7  11  50  63  12   2  51  25  13  25   8
  39  41  25   6   4  26  47   4  39   9  41  26  43  44  16  60  47  25
  33   3  15  50  46  20  11  74  17  58  33  18  50  25  31  21  12  13
 100  12  34   1  25  69  20  63   0  25  81   8  55  15  25  67  58  10
  17  50  11  35  25]
[ 6 30 29 94 21 13 25 32 60  9 10 48 25  7 48  8 68  3 17 51 16 75 69 10
  1  2 38 44 47  4  3 58 71 10 51 18 25  7 60 10 17 81 58 73 31 15 25 54
 85 35  4 50 25 34 12  7 31 50 25 44  5 85 50 16 45  9 74 14 10  6 12 50
 49 10 75 14 50 43 27 60  0 75 54 10 20 11 20 21 30  3  1 57 25 16 49]
[18 69 69 25 11  2 48 25 51 25 12 51 25 65 21 17 40 69 23 20  6 25 25 25
 27  0 72 50 13 20  5 25 25 35 56  3 40 50 45 22 10 69  7 25 43 13  3 25
 13 25  9 52 75 32 12  8 77 50 42 20  4 74 55 10 40  7 24 44 75 17 11 15
 75 91  9 14 20 46 64 48 15 25 50 60 39 16 50 69 25 20  1 50 25 33 64]
[ 1 65 56 20 50  5 25  5 25 94  7 67 56 18 25 13 25 69 16 45  6 15 25 50
 39  0 50 50  1 20 14 20 25 45 56 12 25 47 65 22 15 25  9 25 25  8 72 40
 13 30  4 56 33 25 62  3 25 25 48 10  2 50 57 38 23 11 25 19 77 28 16  7
 69 23 10  9 74 99  5  2 10 50 69 28 13 17 34 68 23 21 18 41 24  2 65]
[ 1 75 56 10 25 12 41 25 12 68 14 25  1 25 52 18 25 66 91 23 17 50 48  9
 41 10 25 12 25 58  3 65 25 54 25  4 11 66 57 25  5 50 25 41 25 15 25 26
 86 24  8 50 69 10 26  2 71 25 29 13 13 25 30 25 13  7 69 25 12 47  9 74
 68 10 81 16 35 50 46 39 11 66 51 10 10  6 69 36 35 34  0 72 25  1 45]
[18 25 69 54 20 17 47 25 79 17 10 69  5 16 32  9 28 66 30 25  5 25 22 25
 56 12 34 13 16  2 11 66 40 30 30 16 25 46 46 14 15 25 16 47 30 14 25 50
  2 10 13 50 25  4 45  8 53 25 37 41  7 78 25 10 45  4 41 41 12 29  6 50
 50 19 35  3 25 46 32 24  1 67 25 50 21  2 50 60 10 69  0 59 46 30 49]
[15 25  2 12 35  5 25 72 60 20 14 56 46 28 75  6 23 33 62 39  4 25 25 59
 35  7 50 25 85 25  2 75 50 10 11  8 56 55 29 40 10 75 86  7 29  1 25 47
 85 23  3 50 50 10  7 12 25 58 56 18  0 50 58 10 20 18 25 31 66 58 17 50
 57 10 32 11 48 47 12  7  9 50 50 34 41 13 81 50 10 16 16 47 59 38  9]
[11 48 46 37  6  8 25 28  2 81  6 54 30 14 61  5 79 71 10 20  9  8 48 30
  9 16 75 27 25  8  2 47 25 23 25  7 34 41 26 50 13 27  1 16 66  4 56 25
 14  1  1 50 55 45 20  0 54 25 27 56 10 32 71  5 21 12 50 46  1 26  3 25
 50 50 13 14 33 30 51 86 15 46 26 58 63 17 34 35 41 16 18 40 22 28 46]
[10 25 31 15 69  8 25 41  7 65  9 18 43 55 52 17 50 50 35 25  3 66 25 29
 25  7 35 27 25 38 12 25 35 35 60  6 60  4 15  7 16 28 48 32 41  2 57 25
 44 47  1 43 25 49 20 18 94 25 25 50  5 46 72 33 50  4 69 25 15 63 11 44
 13 26 22  0 25 25 53 48 13 32 48 21 47 15 40 32 23 50 14 74  4 10 50]
[10 60 54 25  5 14 53 54 31 71 16 50 69 35 20  8 25 62  3 57 11 55 46 10
 11  0 27 84 23 67 17 50 38 30 46  7 25 25 77 37  1 56 25 72 25  6 25 52
 10  4 12 46 63 14  2 18 78 12 10  1  5 50 93 10  5 15 25 19 91 50  9 74
 79 10 20 13 28 25 66 29  4 74 25 10 79  3 65 25 44 45  2 10 67 15 17]
[ 1 30 25 30 57  5 25 35  9 56  6 24 48 61 47  9 65 47 12 25  0 25 50 40
 11  8 25 52 75 43 16 25 54 10 11 10 56 50 24 37 11 45 50 40  8 18 36 25
  1 19  4 74 25 10 63 15 50 42 10 47 12 50 53 21 10  3 94 25 15 67  7 50
 55  5 43 13 66 98  8 28 14 17 50 22 48  2 32 73 66 20 17 48 20 18 69]
[ 3 25 25 94 25  6 25 24 25 65  0 50 75 10 20  5 50 50 10 45  9 57 60 27
 35  2 25 25 11 52  8 77 25 42  7 11 46 44 39 25  7 54 75 70 20  4  5 50
  6 70 13 46 50 39 45 10 71 44 10 90 12 50 50  2 25  1 50 82 50 38 14 74
 57 10 46 15 34 47 37  5 16 46 46  9 43 17 75 50 10  8 18 50 69 69 20]
[ 9 50 75 34 13 17 75 39 10  8  2 57 75 77 20  5 25 17 25 81  8 72 98 11
 58  7 50 50 58 45  3 30 25  5 25  6 30 35  7 32 16 25 48 62 40 11 35 63
 20 30  4 54 55 30 20 12 25  0 25 11 10 50 16 15 57 13 43 50 29 34 14 69
 43 15 20 15 42 28 28 20  1 25 25 75 50 18 46 64 26 25  0 50 54  2 52]
[11 74 12 11 32  6 56 71 18 56 17 65  7 20 22  3 25 25  7 25  4 19 41 65
 54  5 44 41 47 15 14 74 14 10 22 10 81 75 10  5 18  7 25 23 23  9 25 50
 49 11  7 62 77 23 20  2 44 54 44 22  8 35 31 19 35 16 25 69 51 20  1 25
 25 70 29 13 50 67 37 67 12 52 50 10  7 15 25 16 41 30  0 50 60 64 26]
[ 1 73 25 50 25 14 25 30 59 25  5 75 12 45 23 13 50 34 10 27  2 50 75 60
 20  4 25 25 59 35  0 25 62 50 25  6 23 42 55 53  7 48 50 25 28 11 40 84
 10 50 18 25 69 83 20 16 50 25 43 15 10 72 59 13 25 17 50 69 10 10  3 50
 50 10 17  8 38 50 47 25  9 50 25 18 50 12 75 30  5 77 15 65 39 10 50]
[14 25 86 17 48 12 25 25 46  2 10 25 70  2 20  6 70 50 15 20 16 74 20  4
 67  5 25 18 12 88 11 30 71 28 41  2 25 42 60 11 18 35 39 25 50 13 59 25
 35 59  3 50 61 35 34 17 43  8 16 25 15 25 46 40 43  9 25 50 59 20  8 47
 56 12 67  7 50 10 35 46  4 50 25 34 25  0 37 80 59 35  1 50 60 27  7]
[ 8 25  5 25 65 16 25 69 20 20  0 25 25 90 25 10 25  2 25 65 18 25  7 25
 63  1  3 50 71 21 13 50 85 69 11 15 48 69 12  2  5 50 47 35 25  3 50 87
 25 24  4 15 53 14 34  9 74 15 10 98 11 65 70 30 25 12 50 25 41 13  7 25
 83 34 25  6 50 67 10 57 14 25 53  9  3  2 39 58  2 70 17 10 34 20 21]
[ 9 25 47 57 32  1 25 97  1 17  3 57 72 18  2 17 26 52 59 30  6 71 10 14
 81 10 54 54 31 11  0 65 85 25 55 14 74 94 10 40  8 25 52 35 35 18 50 69
 21  5  4 23 25 61 47  2 50 28 15 67  5 50 77 15 22 15 66 67 19  2  7 50
 50 10 45 11 50 50 35 25 12 60 42 25 55 13 50 42 48  2 16 50 30 45 22]
[ 1 75 41 10 49  9 25 55 59 40  0 25 25 25 74 11 75 18 10 77  3 75 80 44
 20  2 96 69 14 31  5 75 34 10  4 17 32 50 44 25  4 40 35  2 45 14 74 57
 10  1  6 46 38 16 80  7 65 21 31 29  8 33 50 27 45 16 57 58 10 30 10 33
 56 48 39 12 50 33 18 62 18 41 25 35 30 13 33 50 15 20 15 25 50 16 39]
[ 9 30 59 54  7 12 72 72 75 23 11 25 60 12 14  3 25 25 25  7 18 25 69 40
 20  6 44 25 95 25 17 29 18 25 54 10 25 46 35  2  5 49 36 30 55  1 25 46
 48 24  7 40 71 90 24 13 50 52 35 20  8 55 50 10 21  2 92 50 28 20 16 54
 25 10 64 14 74 46 10 26  4 74 58 10 46 15 25 64 64 25  0 40 61 20 20]
[ 2 40 25 11 68  4 74 25 10 25 14 31 57 46 67 17 59 25 35 25 15 60 69 25
 20 16 60 64 25 25 10 25 67 46 47  9 25 82 59 20 12 25 65 34 44  3 16 50
 90 45 11 50 25 67 40  1 33 84 17 22 18 24 50 20 39 13 50 25 10 45  0 81
 33 29 41  6 59 29 14 41  5 48 43  2 69  7 50 50 35 13  8 75 50 44 32]
[18 25 69 50  2  7 25 63 60 32  6 25 56  9 55  8 50 75 49 20 13 75 82 44
 25 15 25 25 56 30  5 50 40 10 55  9 30 55 54 20  4 25 25 59 75 10 50 50
 10 20 12 90 50 18 64 17 25 29 65 40 11 34 50 51 20  3 50 57 10  8  2 41
 25  4 13  1 25 81 98 20  0 54 49 81 32 14 38 62 43 20 16 50 25 10 64]
[16 50 25 61 25 18 25 69 25 20 15 25  2 21 28  3 25 59  4 38 10 46 60 39
 10 12 25 12 20 33 14 41 25 23 71 11 50 50 65 20  0 50 25 90 19 13 45 68
 25 46  9 67  5  2 75  8 29  2 56 63  7 50 25 10 31 17 41 62 19 25  6 46
 75  9 20  5 25 72 28  8  4 57 86 10 29  2 38 44 22 21  1  2 25 13 40]
[14 74 78 10 25  1 75 25  1 70  4 35 25 49 37  3 25 99 23 85 10 69 35 16
 79 16 50 69 25 17 11 57 57 10 32  7 25 25 15 38 12 32 25 28 44  8 48 31
 25 64  6 25 25 14 55  9 38 25 13 68 13 48 50 71 28  5 50 25 10 14  2 78
 25 27 51 15 44  9 25 21 18 25 69 27 20  0 25 69 25 75 17 40 39 20 50]
[ 6 41 46 43 21  5 32 56 25 39 16 50 25  2 64  2 65 68 20 96  4 58 25 25
 60 11 43 22 32 48  3 80 75 13 20  1 69 25 25 64  0 40 56 41 35  7 49 75
 16 20 14 55 93 23 18  8 75 50 10  2  9 63 40 21 77 10 54 65 24 25 18 25
 29 38 11 12 40 56 12 39 13 50 25 48 23 15 46 45 25 44 17 44 69 69 20]
[17 56 25  2 64 15 47 25 70 25  2 25 25 51 66  6 25 75 15 27 16 54 62 37
 27 14 66 30 18 33  0 70 66 15 54 13 54 25 47 25 12 48 46 41  1 11 40 35
 43 25  3 41 35 25 52 10 50 25 10 10 18 23 69 28 20  9 74 25 10 50  5 60
 35 10 40  7 75 46 10 45  8 50 42 46 24  4 31 25 53 45  1 50 25 10  6]
[16 30 57 46  2 15 42 53 23 36 17 72 25 49 11  2 38 25 52 25  6 75  8 24
 26  4 74 72 10 47  5 68 67 52 28  0 32 71 25 69  7 69 94 16 21 14 32 50
 17 20 12 59 97 16 37 11 94 74 13 23  3 51 50 68 22  1 41 41 32 10  8 20
 34 65 60 18 47 36 52 53  9 50 30 12 70 10 37 50 47 48 13 50 50 17 13]
[17 46 25 63 10 11 60 56 16 25 10 25 35 89 21  1 46 25 20 35 12 44 50 41
  1 18 62 35 57 54  9 74 48 10 77 13 50 46 35  2  8 84 48 25 43  7 85 46
 10 45 14 56 46 18 34 15 25 69 50 20 16 47 69 34 20  6 56 46 64 34  5 59
 60 32 20  4 25 46 59 47  3 50 25 69 20  2 31 46 64 10  0 50 25 31 75]
[15 42 25 25 64 14 25 10 25 70  3 25 37 60  2 17 27 50 58 39 16 52 43 10
 46  7 25 48 46 47 13 25 50 35 45  6 50 37 10 12  2 41 73 68 20 18 50 50
 69 39 12 50 59 10 36  9 50 74 34 47 11 25 25 27 25 10 62 50 58 20  8 36
 49 24 46  5 25 23 25 56  4 74 84 10 35  1 27 54 49 25  0 52 25  7 60]
[16 50 41 30 13  2 25 41 34 25 13 25 56 23 69  3 51 26 33  4 10 48 64 37
 31  4  8 30 76 63  9 33 48  2  2 17 45 56 15 32 12 50 25 16 24  8 67 50
 23 45 14 13 14 19 13  6 25 65 60 25 15 25 15 23 29  7 73 52 10 11 11 50
 45 35 41  1 50 46 10  9  5 30 51 30 54 18 48 24 15  7  0 58 76 90 20]
[ 10  25  82  14  21   8  25  40  60   2   0  25  30 100   8   1  25  46
  60  49   7  25  50  52  33   2  50  56  35  17  15  39  32  10  57   6
  27  50  11  72   5  48  91  14  25  13  74  83  41  51   4  25  25  46
  60   3  50  65  10  20   9  74  97  10  31  11  49  75  47  20  12  70
  49  50  34  14  50   1  11  11  18  25  69  12  20  16  25  69  60   4
  17  50  50  10  39]
[ 4 25 25 59 62  6 60 94 25 66  5 93 49 27 45  2 35 64 45 30 18 57 69 46
 20  1 25 62 45 16 16 44 25 16 34 15 44 32 35 57  3 45 25 15 47 17 50 50
 36 20  7 75 49 10 80  8 60 42 18 14  0 43 46 14 62  9 43 42 41 53 14 25
 85 57 17 10 25  1 18  6 11  6 18 52 24 13 50 74 10 21 12 65 26 10 52]
[15 25 69 60 20  4 25 91 18 54 10 43 27 63 23 18 29 50 46  8 17 25 20 21
 57 12 46 51 39 10  2 25 63 55 12  8 25 41 35 32  1 50 25 29 30  7 50 75
 45 20 11 25 50 35 28  6 62 30 33 42  3 69 63 25 28 14 53 25 31 86  0 25
 47 60 48 16 50 60 10 29  9 43 46 41 24 13 50 50 10 25  5 75 50 22 22]
[17 25  7 25 23 11 25  0 25  1 12 50 25 66 25  6 74 77 11 20 13 67 51 18
 41 15 25 25 70 25 10 28 18 16 52  1 68 49 12 66  7 71 49 14 21 18 12 69
  4 20  4 25 63 25 52 14 50 92 25 25 16 72 30 33 39  9 50 19 25 84  0 25
 25 92 24  3 25 25 78 38  8 50 50 10 10  5 67 48 36  7  2 50 32 10 82]
[11 72 12 13  3 18 25 62 25 27 15 29 69 48 20  6 25 53 47 25 10 25 63 27
 51  5 39 25 56 28 12  7 33 35 50  2 75 25 33 25  4 25 60 59 16 17 50 45
 10 20  1 88 25 22 46  3 40 50 20 45 13 13 25  8 43 16 42 69 53 20  9 25
 31  1 69 14 26 50 58 48  8 50 60 10 92  7 50 50 35  5  0 25 51 14 97]
[ 3 25 25  8 18 11 25 33 24 20 12 14 25  1 41  6 48 38 25 32 16 25 16 24
 14 18 70 36 49  2  5 73 25 10 48  2 25 63 48 20  1 25 25 70 38 17 44 35
 61 54  0 50 80 23 43 10 50 62 10 33 15 71 42 34 10 13 75 50 10 31  4  7
 75 57 20 14 50 43 34 38  7 38 38 39 63  9 25 50 59  5  8 50 69 35 21]
[ 3 25 77 25 91 10 39 88 11 46 16 25  2 25 50  2 62 57 58 20  8 75 50 10
 62 13 65 92 25 42 14 66 56 18 78  1 26 27 77 26  6 27 18 68 10  9 50 25
 34  5  7 50 28 10 46 12 50 29 10 66  0 51 65 10 30 15 50 69 63 20  4 50
 50  7  1  5 25  4 26 64 17 43 54 41 32 11 50 20 35 26 18 49 50 16 39]
[12 25 25 25 12  8 25 63 10 81  1 26 25 25 70 11 34 69 61 11  9 74 25 10
 45  7 25 38 89 25 13 35 66 50 16 16 25 69 60 16 15 50 25 19 44 14 50 25
 34 29 17 50 64 10 25  2 38 34 37 49  6 25 50 35 64 10 50 47 10  5 18 72
 37 47 25  5 50 25 11 25  4 25 57 15 26  3 50 63 10 16  0 25 25 33 10]
[ 7 75  3 10 76  9 63 74 21 68  1 75 81 35 59  0 41 47 25 25  8 50 25 12
 60 11 25 10  6 57 14 25 71 38 56 18 50 67 10 22  4 58 52 26 58  2 65 56
 10 25  5 25 27 69 23 10 49 35 11 60 13 77 25 21 46 12 86 40 26 31 16 25
 22 63 22  3 50 50 43 20 15 63 69 25 20 17 71  5 15  4  6 31 92 44 17]
[15 25 25 53 64  6 25 57 45 25  5 50 25 69 32 10 59 50 25 20  7 51 41 25
 54 18 48 25 71 30 14 32 13 18 16  8 41 25 78 25  4 56 42 10 25 12 75 50
 10 20  3 25 27 66 24 16 65 11 45 25  9 50 50 34 63 13 53 50  3 15 17 73
 36 10 17 11 55 78 10 56  2 50 66 26 20  1 75 25 20 41  0 90 25 20 15]
[ 10  25  59   4  35   5  48  75  60  20   3  25  25  25  12   4  47  25
  37  55  14  25  99  59  35   2  25  91  25  29   8  75  50  10  60   9
  74  92   5  52  13  25  69  41   1   1  85  75  25  20  12  50  47  60
  22   7  50  50  60  42   6  50   2  69  28  11  25  63  60  11  15  25
  49  60  40  16  50  29  10  34  17  34  66  22  23  18  48  25  49  25
   0  25 100  70  12]
[ 9 41 47 17 48  7 25 35 46 60  0 25 46 60 48 10 25 17 25 67 17 25 39 60
 50 11 17 25 43 13 18 50 65 20 24 15 35 57 35 32 16 35 11 50 28  5 75 49
 10 21  6 50 25 10 45  4 69 25 15 34  1 50 25 84 25  3 41 50 63 42  8 36
 47 40 35 12 50 50 35 31  2 66 50 10 30 14 49 74 35  3 13 50 46 26 35]
