-1000.0
-990.0990099009902
-975.4146341463414
-965.9903381642512
-956.7464114832536
-956.7464114832536
-956.7464114832536
-956.7464114832536
-952.1904761904761
-952.1904761904761
-952.1904761904761
-947.6777251184834
-938.7793427230047
-938.7793427230047
-934.392523364486
-930.046511627907
-925.7407407407408
-925.7407407407408
-921.4746543778801
-917.2477064220184
-913.0593607305937
-908.9090909090909
-900.7207207207207
-900.7207207207207
-892.6785714285714
-888.7111111111111
-884.7787610619469
-880.704845814978
-873.0131004366813
-873.0131004366813
-873.0131004366813
-873.0131004366813
-865.4545454545455
-865.4545454545455
-865.4545454545455
-861.7241379310345
-861.7241379310345
-854.3589743589744
-854.3589743589744
-850.7234042553191
-847.1186440677966
-847.1186440677966
-843.5443037974684
-836.4853556485356
-836.4853556485356
-833.0
-829.5435684647302
-826.1157024793389
-826.1157024793389
-822.716049382716
-822.716049382716
-816.0
-812.6829268292682
-805.9677419354839
-802.7309236947791
-799.52
-796.3346613545817
-796.3346613545817
-793.1746031746031
-793.1746031746031
-783.843137254902
-780.78125
-780.78125
-780.78125
-774.7286821705426
-771.7374517374517
-762.9007633587786
-762.9007633587786
-762.9007633587786
-762.9007633587786
-760.0
-754.2641509433962
-754.2641509433962
-754.2641509433962
-754.2641509433962
-751.4285714285714
-751.4285714285714
-751.4285714285714
-745.820895522388
-745.820895522388
-743.0483271375465
-743.0483271375465
-743.0483271375465
-740.2962962962963
-737.5645756457565
-734.8529411764706
-734.8529411764706
-732.1611721611722
-732.1611721611722
-732.1611721611722
-729.4890510948906
-726.8363636363637
-721.5884476534296
-721.5884476534296
-721.5884476534296
-721.5884476534296
-718.9928057553957
-713.8571428571429
-713.8571428571429
-713.8571428571429
-708.7943262411347
-703.8028169014085
-703.8028169014085
