[ 4 61 60 29 50 12 50 50  1 24  3 50 50 40 50 11 50 50 15 46 13 51 32 21
 75 10 50 50  3 50  5 24 50 36 34 18 50 50 73 37  1 50 41 50  8  2 50 36
  4 50 14 50 37 18 70  9 50 50 59 37 15 19 50 50 39  0 50 50 36 30  8 50
 35 10 50 16 50 50 10  8  7 29  2 31 50 17 50 50  2 20  6 41 47 55 59]
[ 0 50 50 35 30 14 13 53 55 31 11 88 50 24 26  3 50 50 28 19 12 50 50 24
 24  7 50 66 32  4  5 51 50 47 14  2 50 36 10 26 13 50 50 16 46  4 50 60
 40 65 10 50 50 47 41  1 50 50 50 52  9 50 50 32 40 15 40 50  4 35  8 50
 37 10 28 16 26 31 34 39  6 41 66 50 40 17 50 50 37 20 18 50 50 50 37]
[12 51 50 28 24  4 50 50 40 75  3 50 50 29 50 11 50 47 50 29  2 50 50 10
 64 13 50 50 25  4 10 50 50 50 41 14  8 50 43 34  6 47 56 17 50  9 50 50
 59 53 15 50 50 26 31  8 50 50 10 58  5 43 50 17 33 16 50 50 10 20  7 38
 50 44 24  1 50 37 62 63 17 50 50 37 12 18 50 50 42 30  0 50  8 35 72]
[12 50 50 29 24 11 50 50 50 26 10 50 43 50 32  7 38 66 44  4 13 51 50 24
 53 14 50 53 18 31  4 50 60 40 65  3 50 50 29 50  9 50 66 59 29  0 50 27
 28 53  1 50 37 19 50 15 39 50 29 39  8 50 35 10 63 16 42 50  3 20  2 16
 36 44 65  5 50 50 10 27 17 50 50 37 20  6 26 50 50 13 18 50 50 90 37]
[12 50 20 29 35  2 50 50 10 50 10 50 38 61 52 16 50 30 11 20 11 50 47 62
 20  9 50 50 39 50 17 40 50 47 20 15 16 50 29 39 13 50 50 25 59 14 50 38
 18 46  8 50 50 10 41  5 48 50 12 22 18 50 50 65 37  7 56 50 26 20  6 42
 41 52 17  4 61 50 29 70  3 50 50 40 48  1 50 50 71 20  0 51 50 35 30]
[ 8 50 50 10 57  2 50 50 10 51  4 50 50 40 75  0 50 50 28 30 12 50 50  7
 17 11 57 47 42 29 13 50 30 25 41  7 37 50 45  4 17 49 50 38 20  9 50 50
 50 53 10 50 38 63 50 14 50 52 18 32 15 50 50 16 39  3 50 50 24 34 16 40
 28 26 13  5 43 50 24 22  6 50 50 32  8 18 50 50 34 37  1 43 50 65 57]
[ 0 50 23 35 50 12 50 26  3 36  4 52 50 38 75 17 49 38 38 32 14 50 53 11
 31  3 50 50 31 65 13 50 36 25 67  6 50 50 45 20 10 50 50 51 18 16 50 50
  9 20  8 50 50 10 78  7 50 50 17 10  2 50 50 10 39  9 50 50 50 50 11 50
 47 38 29 18 50 50 33 37 15 50 27 35 42  5 50 43 10 41  1 50 50 85 50]
[17 50 50 37 20 10 50 46  7 84  5 50 92 50 33 14  3 37 41 47 18 50 50 77
 25  2 50 50  8 89  9 50 50 59 40 12 50 50 29 24 11 88 47 24 29 13 51 50
 24 59 15 50 50 26 28  8 50 50 10 48 16 50 50  9 20  7 50 50 22 20  6 45
 50 30 28  4 50 60 10 65  3 48 50 30 23  1 50 50 31 36  0 50 51 50 58]
[11 56 47 52 29 18 50 50 42 24 16 50 50 10 20 10 50 50 71 41 12 50 50 29
  7 14 18 37 50 50  0 50 36 35 44 13 51 42 24 50  9 50 50 50 40 15 48 50
 28 39 17 50 33 37 37  8 50 61 10 25  7 46 50 26 16  2 50 39 10 50  6 51
 62 45  8  5 43 56 23 28  4 50 50  7 54  3 50 50 29  8  1 50 47 50 60]
[17 50 50 37 16  7 50 50 22 20  5 24 50 36 34  4 50 50 40 75 12 50 50 29
 24 11 50 50  3 46  6 29 45 50 25  0 50 50 35 30 18 57 50 50 37  2 50 50
 10 65 13 51 46 24 63  8 50 50 10 50 10 50 50 50 41  3 50 50 29  6 16 50
 40 10 30  1 50 53 36 57 14  4 37 50 47  9 50 50 50 40 15 50 50  3 39]
[12 58 50 21 24 11 50 47 50 23 13 50 50 25 59  1 50 50 50 35 14 50 37 18
 47 10 50 50 24 50  9 50 50 42 40 15 50 50 10 39  8 50 50  4 50  0 50 40
 35 40  2 50 68  2 71  3 50 50 11 50 16 50  2 45 24  7 56 34 16 36 17 50
 50 37 20  5 24 50 36 34 18 57 50 24 37  6 50 50 45 32  4 61 50 29 70]
[ 4 50 60 40 63 12 50 50 29 24 11 50 55 50 21 13 51 50 24 50  0 50 50 35
 30  5 50 50 10 34 16 51 31  9  9  8 50 50 10 74  1 50 44 18 50 18 50 50
 74 37  3 50 50 29 65  2 50 65 10 50 15 51 50 26 39 10 50 50 50 41 17 50
 50 37 20  6 50 71 15 40 14 50 50 18 50  9 50 50 57 50  7 50 50 32 24]
[14 41 37  8 47  0 50 21 35 59 12 58 50 21 24 17 49 50 38 20  3 50 50 23
 16  4 44 50 46 50 11 50 47 62 29 16 50 50  9 20 13 50 32 25 50  2 50 50
 10 50 15 16 50 60 39  1 50 37 63 41  6 24 52 50 18  5 50 50 10 16  7 50
  3 22 28  8 50 21  4 96  9 50 25 59 65 10 58 50  6 41 18 57 50 74 37]
[ 4 50 50  4 56 15 50 50 26 39  9 50 50 50 13  3 50 50 29 35 12 50 13 29
 37 11 50 50 50 26  0 50 50 35 18 13 50 50 25 29 14 50 10 18 74 10 50 38
 37 53 16 51 17 15 33 17 50 50 37 20  2 50 36 10 27  1 50 53 12 52  5 50
 38 10 34  8 50 20 10 43  7 38 66 95  4 18 50 50 81 35  6 32 50 63 19]
[12 50 50 29 24  4 50 60  4 65  8 50 50 10 52 11 64 61 30 15  3 50 50 29
 65 13 50 50  3 59  0 50 50 35 30  6  5 50  2 20 14 43 37  2 47 10 50 50
 76 41  9 50 50 54 40  7  5 51 67  4  5 24 50 50 14  1 50 37 65 57  2 50
 96 10 82 15 50 50 26 39 18 50 50 28 37 16 50 31 10 38 17 50 50 22 20]
[ 7 60 41 12 25  3 50 50 29 57 11 74 61 48 15 18 50 50 58 37 10 50 50 71
 41 13 51 50 24 59  8 50 42 10 91  5 37 71 47 13 12 59 50 21 24 14  9 53
 50 23  9 50 66 59 40  4 57 50 33 84  6 50 50 46 20  2 50 36 10 95 17 50
 50 37 20 15 50 50 26 39 16 51 50  9 20  1 50 37 64 70  0 50 50 35 51]
[12 58  4 21 70  4 61 50 12 12  0 50  8 35 72 10 52 38 40 53  9 50 63 46
 40  3 50 50 40 65 11 79 47 33 29 18 57 50 36 13 17 78 50 61 20 16 79 50
  9 12  1 50 46 85 61  5 71 79 22 46  2 50 56  6 56  8 49 65 11 82  6 50
 52 45  8  7 50 51 31 16 13 50 50  3 50 14 28 50 29 63 15 16 50 76  8]
[ 0 50  4 35 76  9 50 43 59 60  8 50 50 10 68 10 50 43 73 44  3 50 50 29
 65 12 50 36 29 38  5 50 50 10 27 15 50 50  7 39  7 63 41  9 33 17 50 50
 29 20  6 50 44 51 10 18 48 50 77 37  1 50 37 14 52 16 51 50  9 20  2 50
 36 10 23 14 50 50 18 17  4 50 53 40 65 11 50 33 32 37 13 50 50 25 59]
[13 50 50 25 59  9 50 63 22 35 18 50 50 92 31 16 50 50 10  1  2 50 36 10
 72 17 50 50 37 20  7 17 66 65  4  3 50 50 29 65  5 33 50 27 34  4 50 73
 40 52 15 50 50 26 33  8 50 57 10 62  6 26 50 69 20 12 58 50 15 24 10 58
 50 76 41 11 50 47 33 25  1 50 37 52 70 14 16 45 52 39  0 50 43 26 37]
[ 6 38 39  8 31  9 50 63 59 40  0 50  4 35 76 11 64 47 48 18  5 29 50  8
 27 14 34 50 17 16 18 50 50 29 37  2 50 68 10 64 13 42 47 21 62 12 50  8
 21 59  1 50 37 79 70 10 50 50  9 43  7 50 41 22 30 15 44 50 32 39  8 50
 50 10 67  3 50 50 29 49  4 50 73 26 62 17 50 50 37  1 16 50 24 16 26]
[12 58  4 21 70 17 50 50 37 14  1 50 37  4 52 15 40 50 14 39  2 50 68 10
 71  0 50 23 35 57  3 50 50 29 32  7 45 66  8  4  6 50 50 29 10 14 41 53
 27 31  5 50 50 10 34  4 50 60 28 63 10 50 50 65 27  8 50 37 10 81  9 50
 48 23 89 11 80 13 54 59 13 50 50 25 16 18 57 50 54 35 16 51 41  9 29]
[ 9 50 63 59  3  6 50 34 23 36  8 50 60 10 87 11 50 47 24 49 13 51 32 24
 44 12 50 14  4 60 18 57 50 40 28  0 50 27 29 46  3 50 60 29 61  5 36 43
 24 32 17 49 50 45 20  7 12 50 60  4 16 50 31  9 39  4 61 73  8 65 10 50
 50 73 41 14 12 50  1 34  2 50 50 10 42  1 44 50 46 57 15 30 50 12 39]
[ 2 50 67 10 72 14 18 37 28 47  9 50 50 31 40  1 50 37 77 73  6 38 62 57
  8  3 50 50 18 65 18 50 50 85 37  4 44 60  9 65 10 50 50 76 41  7 63 68
  9  6 11 67 50 67 24  5 33 50 44 26  8 50 50 10 69 12 58 50 21 24 17 50
 50 37 20  0 50 50 35 30 13 51 50 24 29 16 50 48 10  8 15 50 50 26 39]
[ 5 50 50 10 34  4 61 60 29 59 12 58 50 21 24  2 50 63  1 26 14 50 53 16
 31 16 51 50  9 20  1 50 37 41 63 13 50 34 25 35  6 26 62 37  8 15 16 50
 61 39 11 80 40 53 10  3 41 50 40 63 10 58 50 76 41  9 50 44 59 48  0 50
 50 35 30  8 50 48 10 89  7 27 44 43 14 17 50 50 37 20 18 57 50 63 23]
[ 0 50 50 29  6 18 57 50 64 37  8 50 50 10 97 12 50 34 29 13 11 50 47 62
 29 10 50 38 76 41  1 45 50 19 35  4 50 50 40 72 13 50 48 25 61  2 50 55
 10 10  3 50 50 29 22  7 50 19 61 17  5 28 26  5 46  6 50 50 45  8  9 50
 63 57 40 14 50 50  2 71 15 34 50 42 39 16 51 19 15 31 17 40 50 47 20]
[ 0 50 50 15 57  4 61 60 29 65  1 50 37 59 26  5 39 71 24 13 12 50 35 29
 39  9 50 50 55 45  6 50 34 60 15  2 50 36 10 67  3 50 50 26 24 18 50 50
 22 37  8 50 38  9 54 10 50 50 76 41 14 50 56 18 45 13 51 50 24 59 11 50
 27  2 43  7 50 43 32 11 16 50 50 10 20 15 50 50 26 39 17 50 50 37 20]
[ 2 50 36 10 81  1 50 49 67 49 11 62 38 40 38  9 50 63 39 74 18 50 50 92
 21 10 50 50 76 41  3 50 50 29 19  7 40 33 32 37  8 50 65 10 79  0 50 11
 35 49 13 51 50 24 59  6 51 62 45  8 12 50 14 19 41 17 49 50 38  8  4 60
 50 30 88  5 56 30 16 34 16 50 31  9 39 14 48 53 20 31 15 50 50 23 39]
[10 50 50 37 41  9 50 58 43 45 18 50 50 53 13  0 50 50 35 30  2 50 36 10
 93 15 50 50 16 39 14 50 50 18 71  5 34 50 26 21  4 61 50 29 83 13 50 40
 18 69  7 63 41  9 23  1 50 50 81 56 12 29 50 50  9 17 95 50 66 20  6 30
 39 63 63 16 40 50 65 20  8 50 50 10 97 11 68 50 57 13  3 54 50 36 46]
[ 5 50 50 10 34  4 50 50 40 75  0 50 50 35 30  6 32 39 45 31 15 50 50 26
 39 13 51 50 24 59  3 50 50 29 10 14 43 37 25 47 16 50 31 10 39  2 50 68
 10 28  7 54 70 28  4 18 57 50 85 10 17 50 50 63 20 12 50 14 30 60  1 50
 37 45 73 11 50 50 10 15  8 50 47 10 73  9 50 50 23 65 10 50 50 76 40]
[ 2 50 36 10 79 18 50 50 78 26  6 50 44 42 26  8 50 50 10 79 16 50 31  5
 11 15 38 50  7 39  1 50 37 83 44 13 47 30 28 79  4 61 53 26 72  7 65 50
 17  4  3 50 50 39 65 17 12 50 37 20  5 50 50 10 34  0 50 21 35 44  9 50
 50  8 47 10 50 50 14 66 12 55 70 26 24 11 50 21 15 81 14 36  0 32 84]
[ 3 50 50 29 65  8 50 50 10 67  5 50 50 10 34 18 50 50 58 37 17 49 50 38
 20  2 50 66  6 72  4 61 50 29 75 16 50 31  9 39  1 50 38 65 51 15 16 50
 23 25  6 39 39 65 15 12 50 50 29 24 11 75 29  1 36  0 76 47 35 33  7 47
 55 23  4 13 51 50 24 59  9 50 50 59 53 10 50 50 76 41 14 36 50 32 63]
[10 50 50 41 41  3 50 50 29 32 15 50 50 26 39 16 51 50  9 20  4 61 60 29
 65  0 50 46 35 34 14 20 38 48 21 13 51 32 24 43  7 45 41 27 15  5 24 50
 36 34  1 50 37 76 46  2 50 36  1 85  6 48 59 48 47  9 50 50 58 14 17 50
 50 37 20 11 73 42 34 43 12 60 50 21 24  8 50 31 10 78 18 57 25 85 51]
[13 51 41 24 68 10 50 38 68 53  3 50 50 26 23  7 19 41 53 24  4 47 50  3
 75  2 50 59  7 71 12 42 50 38 24 18 57 50 68 37  5 37 50 23  1  8 50 19
 10 87 17 49 50 38 20 14 50 37 18 47 16 50 50  9  1  9 50 50 59 38 11 50
 69 24 15  6 50 50 46  8 15 50 50 21 39  1 50 37 85 29  0 50 18 35 62]
[ 8 50 50 10 43  3 50 50 29 24  2 50 36 10 68 17 49 50 38 20  0 50 50 27
 30  6 50 56 45 14 13 50 50 12 59  4 61 60 27 65 12 50 50 22 24 14 50 37
 18 47 15 42 50 34  3  7 50 41 30 33  5 50 50 10 34 10 50 50 76 41 11 50
 51 31 31  9 50 50 34 20  1 42 50 93 57 16 50 31  9 39 18 57 50 32 37]
[ 9 50 63 33 53  6 50 34 60 10  4 50 73 40 65  2 50 62 10 70  8 50 50 10
 43 18 50 50 32 37  7 22 50 21  4  0 50 50 35 30 17 49 50 32 20  1 50 37
 79 73  3 50 50 29 65 13 51 50  7 59 12 50 50 30 24  5 50 50 10 34 10 50
 50 76 41 11 50 50 24 42 14 50 10 18 64 15 50 50 26 39 16 50 50  9 20]
[ 2 50 36 10 25  7 73 10  7 64 13 51 50 24 59 14 47 48 21 36  6 26 39 25
 24  8 50 50 10 97 16 50 31  4 39  9 50 61 56 40  5 24 54 36 16  1 50 40
 85 50  4 50 71 40 53 15 50 50 26 39 10 50 50 76 16  3 50 50 29 43 17 44
 50 24 20 18 57 50 63 37 11 56 30 79 35 12 59 17 21 55  0 50  6 13 69]
[ 1 50 37 67  8  0 51 45 35  8  2 37 36 23 21 13 50 50 16 47 15 50 50 26
 39  3 50 50 29 30  4 50 60 40 65  5 50 26 10 58 11 88 61 56 15 12 50 21
 29 53 14 13 37 55 47  8 50 47 10 84 10 50 50 76 41  7  2  5 67 50  9 50
 50 47 36 16 50 50 10  1 18 57 50 60  3  6 50 50 45 20 17 50 50 26 20]
[ 3 50 50 29 38  1 50 53  4 35  2 50 55 10 26 13 50 50 25 59  4 50 50 17
 32 14 50 37 18 47  5 50 50 10 34 12 50 33 29 41  0 50 11 35 69  8 50 23
 10 41 16 50 42 10 28  7 60 70 32  4  6 50 10 70 40 17 50 50 37 20 11 50
 51 24 45 15 27 50 49 39 18 57 50 38 37  9 50 50 59 40 10 50 50 76 41]
[ 8 50 74 10 32  1 50 37 42 62 14 50 53 18 31  7 20 56 72  4  2 19 36 12
 31  5 50 50 10 17  9 50 66 59 40  6 26 62 37  8 18 57 50 22 37 12 58 25
 16 49  4 50 76 40 65  3 47 70 32 18 15 50 50 24 39 11 58 39  1 49 17 49
 50 45 20  0 50 50 35 30 10 50 50 38 41 13 51 50 24 59 16 48 40 11 20]
[15 16 50  1 23  2 50 36 10 53  6 50 34 70 20  1 50 37 44 37  7 12 32 70
 22 17 49 50 38 20 14 24 37 44 47 13 42 50 16 59 16  2 40 27 30 18 50 50
 52 30  5 24 50 36 34 12 50 50 21 24 11 50 81 61 15 10 50 50 48 33  9 50
 50 59 40  8 50 50 10 67  4 59 50 31 75  3 59 50 29 65  0 65 32 45 48]
[ 5 24 59 60 19  2 50 55 10 37  1 50 37 79 13  0 51 32 96 36 18 50 50 77
 37  7 44 47 38 23  3 50 50 29 65 12 50 50 23 24  4 50 50 17 75 13 51 46
  4 63  6 51 50 36 20 10 50 50 76 41  8 50 50 10 53  9 50 50 45 50 11 71
 50 35 21 17 50 50 37 16 14 50 47 18 37 15 17 50 55 39 16 46 50  4 20]
[10 50 50 66 41  4 61 53 29 71 15 50 50 15 39 11 88 47 24 29  3 50 50 18
 65  2 50 68 10 15  1 50 41 53 60  5 32 50 66 14 14  4 37 56 37 16 39 50
 21 20  6 50 50 45 20  7 73 22  9 52  0 50 50 35 30  8 50 50 10 50 13 50
 50 25 59 12 42 50 37 10  9 50 49 59 22 17 50 36 37 34 18 50 50 87 30]
[14 50 37 18 29  2 50 57  8 52 12 58 50 21 24 11 50 47 50 29 13 50 50 25
 50 10 58 38 45 53 17 49 50 38 13 18 50 50 23 30  8 50 92 10 50  9 50 40
 59 50 15 50 50  7 34  5 24 50 36 22 16 31 36 28 34  7 38 66 36  4  6 50
 50 19 24  1 50 37 55 41  0 50 38  8 42  3 48 50 31 56  4 50 50  2 63]
[10 50 50 73 41  1 50 53 51 50  3 50 50 29 51 12 50 50 29 24 11 88 50 13
 22  2 37 36 23 50 13 50 50 25 59 14 50 37 18 47 15 42 50  4 39 16 51 31
  8 39 18 50 50 40 18  4 50 50 40 72  6 50 46 70  8  9 50 50 50 40  8 50
 36 10 26 17 50 50 10 20  7 83 62  9 21  5 50 50 34 34  0 50 50  4 52]
[17 50 50 37 20 12 50 50 29 24  7 12 41 23 24 18 50 50 42 37 11 50 50 24
 46 16 50 50 10 20 15 16 50 37 39 13 50 50 25 50 10 50 50 50  2 14  4 50
 18 34  9 50 56 59 47  8 50 50 10 50  3 50 50 29 52  2 50 36 10 65  6 50
 45 50  6  4 50 66 40 65  5 50 50 10 34  1 50 50 74 50  0 50 50 35 30]
[ 7 52 41 20  4 18 50 50 58 37 13 50 32 25 77 11 50 50 32 25 12 58 50 21
 24  2 50 36 10 70  1 50 50  3 60 10 50 50 84 41 14 26 53  4 29 17 50 50
 37  3  0 50  4 35 70  9 50 40 50 32 16 50 31 10  2 15 24 50 18 30  8 50
 50 10 52  6  2 49  1 21  5 50 50 10 34  4 61 50 29 51  3 61 50 29 50]
[ 8 50 79  7 50  7 36 41 36 29  5 50 50 10 34  4 50 50 10 43  6 50 62 45
  8  3 50 50 29 50 18 57 50 50 37 13 50 46 25 50 12 50 50 38 24 11 50 50
 48 38  2 50 64 10 21 10 50 50  2 16 14 44 70 24 50  9 50 26 32 65 15 50
 31 24 17  1 50 37 50 30 16 50 10 16 40 17 45 50 49 20  0 50 21 29 50]
[ 3 50 50 29 50 15 42 50 34 36  8 50 57 10 50 10 50 50 76 41 12 58 42 21
 32  0 50 50 35 30  4 61 60 29 65 11 50 47 50 29  5 50 50 10 26  7 50 41
 22  3  2 50 36 10 48  6 50 50  4 19  9 50 50 43  1 13 51 50 11  4 14 50
 50 18 34 17 50 50 37  4 16 50 50 10 20 18 50 50 78 37  1 50 50 50 57]
[ 7 18 66 62  4 12 50 27 24 47 11 50 51 50 21 10 50 50 21 20 13 50 50 25
 41  9 50 63 50 40 14 50 51 18 33  6 20 67 52  5  5 42 50 18 31  4 50 73
 23 65  8 50 59 10 17 17 50 50 19 20 15 26 50 50 39 16 50  3 16 47  3 50
 50 29 50 18 50 50 16 37  2 50 60 10 42  1 50 42 27 69  0 50 25  3 50]
[12 58 50 21  4 10 50 50 38 41 11 50 50 62 13  7 50 41 22 29 13 50 50 25
 58 18 50 50 58 37  6 36 37 50 50 14 50 37 18 84  9 50 40 50  8 15 37 50
  3 39  4 50 50  5 16  8 50 50 10 97 16 51 50  9 20  5 24 50  3 22  3 50
 50 29  4 17 50 32  1 12  2 50 36 10 50  1 50 37 57  1  0 51 50 32 30]
[12 50 27 29 47 17 50 50 37 20 11 50 50 62  2  4 50 56 10 57 16 50 50 10
 20 13 50 50 25  3 10 50 50 76 41  3 50 50 13 50  5 38 50 65 14 18 57 50
 52 37 14 50 74 18 23  2 50 49 10 10  1 50 50 39 50  0 50 50 35 30  6 50
 50 45 20 15 16 50  4 39  7 38 50 44 20  9 50 38 26 68  8 50 35 10 50]
[ 8 50 50 10 38  2 50 36 10 75 12 52 50 27 24 11 77 47 11 29  1 50 50 50
 50  9 50 50 36 50 13 61 50 24 50  5 50 50 37  2  7 50 66 32  4 10 52 50
 60 41 14 23 52 45 32 15 50 50 26 39 16 51 31  9 39 17 50 50 37 20  6 50
 50 56  8 18 57 50 85 37  3 50 50  9 50  4 50 50 30  3  0 50 50 35 30]
[ 4 50 50 40 75  3 50 50 29 50 12 50 50 29 24  5 50 50 10 34 11 50 47 13
 49 15 50 50 10 39 13 50 50 25 29 10 50 50 31  2  2 50 36  1 34 14 12 53
  3 31 16 34 50  3 20  8 50 44 10 37  9 50 50 37 29  7 50 41 12 29 18 50
 50 52 37  6 50 63 45  3  1 50 50 18 57  0 50 50 35 30 17 50 50 37 20]
[ 6 50 34 17 36 12 50 50 19 24  0 50 17 35 56 11 50 47 24 29 13 50 32 25
 50 18 50 47 50 19  8 50 50 10  2  1 50 37 65 50 10 50 50 70 41 17 49 50
 35 20  2 50 40 10 22  7 83 50  9 80  5 24 54 36 28 14 50 37 18 74  9 50
 40 59 50 15 34 50 42 23 16 50 50  9 20  3 50 50  1 60  4 52 50 38 50]
[11 50 47 62 29 17 49 50 38 20  9 50 40 56 37 12 58 44 21 30 16 50 50  4
 16 13 50 50 25 59  4 50 50 10 49  8 50 87  4 17  3 50 50 29  9  2 60 67
  1 50 10 53 50 46 41 14 21 53 47  8  5 29 50 31 34 15 16 50 15  1 18 57
 50 32 37  7 50 66  1  1  6 44 50 51 32  1 50 37 40 42  0 51 40 35 26]
[12 58 10 21 51  4 50 50 37 63 16 51 50  9 20 14 39 37 29 34  0 50 28 35
 50  8 50 50  4 86  3 50 50 27 65  7 14 50 43 20  9 44 40 63  1 11 50 47
 20 49 13 50 43 25 66  6 46 58 49  2 10 58 50 76 41 15 51 50 26 17  1 50
 37 85 50  2 50 36 10 11 17 50 37 37 30 18 57 50 85 37  5 50 50 10 34]
[12 50  2 29 56 11 50 50  3 46 13 50 50 25 44 10 50 50 76 13 14 50 50 18
  3  0 50 42 35 38  9 50 40 19 86  8 50 52 10 50 15 50 50 26 39 16 50  5
 13 45  7  7 50 62 20 18 50 39 36 48 17 40 50 47  6  6 35 50 51  8  5 50
 50  3 23  4 50 99 28 79  3 50 50 12 21  2 50 68 10 53  1 50 37 80 47]
[ 15  50  50   1  39   0  50  50  35  30  18  57  50  63  37  14  38  50
  30  34   1  50  53  13  57  17  49  50  45  20  16  31  31  23  39   4
  50  50  40  57   8  50  79   4  50  12  50  50   6  24   6  50  34  50
  16  11  50  50  24  17   3  50  50  29  62  13  51  50  24   9   2  50
  36  10 100  10  50  48  73  43   9  50  37   9  50   7  12  50  60   4
   5  24  50  36  32]
[ 3 50 50 29 51 18 50 50 50 37 12 50  2 29 67  4 50 50 15 56  5 24 50 36
 26 11 50 50  2 42 13 50 32 25 50 14 50 50 18 71 15 33 50 43 39 10 50 50
 11 50  9 50 31  7 12  2 50 43 10 20  8 50 43 10 66 16 50  4 13 44 17 50
 50 37 20  7  0 50 28 20  6 33 50 50  8  1 50 37 50 64  0 50 50 35 26]
[12 50 50 29 24 10 50 42 29 58 11 50 47 35 29  3 50 50  7 50 13 50 50 25
  5  9 50 40 50 63  2 50 50 10 10 14 50 50 18 34 15 50 50 26 39  1 50 50
 54 50  0 50 50 35 29  8 50 50 10 59 17 49 50  4 20 16 50 12 16 38  4 50
 50 40 24 18 54 50 44  1  7 23 34 51 36  5 50 49 10 27  6 50 76 80 16]
[13 51 50 24 50 15 50 50 26 39  3 50 50 29 26 10 50 50 23 50  4 50 50 40
 52 12 34 50 47 24  8 50 37 10 79  5 24 50 36 34  1 50 37 83 50  9 50 29
 59 50 11 50 27 51 49 14 32 29 36 55  2 50 50 10 50  0 50 12 10 50  7 50
 50 32 20  6 26 50 38  7 16 50 50 10 20 17 50 50 37 20 18 50 50 92 18]
[17 50 50 37 20  8 50 50 10 10  9 50 40 14 92 14 37  4 28 50 12 58 10 21
 50  1 50 53 50  4 10 50 38 47 53 16 51 23  9 27 18 57 50 83 37 15 36 50
 41  9 11 82 50 30 24 13 50 50 35 59  7 63 70 29  4  6 17 49 26  9  5 82
 37 10 65  0 50 42 58 51  2 28 36 32 47  3 50 50 29 65  4 50 50 40 50]
