[  4  74  70  10 100   2  25  66  45  29   3  35  33  64  62   1  25  40
  80  26  15  50  69  35   7  19  29  69  55  20   5  75  33  10  40   0
  50  48  10  53  11  57  25  17  54   6  50  21  10  49  13  71  76  23
  11   7  25  50  46  14   8  37  51  48  64  16  50  34  35  50  12  62
  24  10  10   9  50  50  24  45  18  25  69  33  20  17  50  16  22  53
  14  63  80  21  34  10  25  58  67  21]
[ 9 27 25 42 48  5 75 77  4 52 15 75 39 10 24  1 65 25 86 25  4 74 81 10
 42 14 48 28 26 59 16 50 30  2 59 11 44 25 35 31 13 61 28 22 94  6  0 47
 77 23 17 28 40 36 48  0 58 25 42 67  2 40 50 45 38 12 44 35 28 50 10 32
 25 16 47  3 50 50 69 20 18 29 40 14 49 19 48 54 36  5  8 52 25 10 48  7
 69 43 18 37]
[ 4 38 68 46 27  7 25  8 25 53 18 25 42 60 47  9 74 50 10 72 17 30 44 30
 45  5 25 70 19 48  8 49 75 37 10  3 63 90 10 30 19 50 69 34 20  6 24 36
 36 12  2 50 65 58 25 11 59 24  5 71 12 29 37 55 13 16 55 50 10 39 10 50
 48 25 47 15 25 53 46 36 14 64 81 20 33  1 40 61 20 19 13 25 67 64 20  0
 65 53  3 28]
[ 7 75 12 10 33  6 26 65 14 59 12 68 13  1 45  8 34 45 41 37 11 47 75 71
  9 18 40 39 19 50  5 51 69 10 26 17 25 59 50 30 19 24 69 60 20 10 51 65
 10 30 16 25 69 35 20 13 75 74 44 40  9 74 30  2 50  4 25 25 51 47  3 50
 37 10 53 15 50 50 10 39 14 11 37 26 38  2 25 50 34 78  1 25 29  9 81  0
 25 93 35 21]
[11 42 48 29 36 12 36  3  8 73  8 25 40 60 54  0 29 32 56 63 13  9 75 93
 20 16 60 69 25 20  1 64 25 39 17  3 75 43  5 42 10 25 14 25 41  9 74 20
 10 42 14 33 49 49 26  7 44 85 16 35  2 58 42 52 24  4 51 31  7 57  5 67
 50 18 16  6 50 11 43 37 15 73 39 40 29 17 70 69 15 20 18 50 50 35 39 19
 50 50 24 39]
[16 57 69 28  8 14 46 72 38 23 12 40 27 38 45  7 25 26 50 46  4 36 49 48
 24 18 25 27 56 62  6 50 25 10 70 17 50 27 10 62  2 68 25 35 25  5 25 72
 39 23 19 74 50  9 39 15 78 47 42 22  0 75 66 10  1 13 43 25 76 47  8 40
 50 45 20 11 25 50 50 29 10 38 67 22 67  3 41 51 19 44  1 50 25 53 45  9
 74 38 10 32]
[ 6 48 25 32 64 10 51 25 10 70 19 74 32 10 57  4 49 25 35 19 18 37 69 72
 15 17 25 14  6 75 16 50 69 10 20 15 25 49 26 40 14 37 53 47 19  5 29 37
 54 33 11 44 65 16 22 13 62 35  2 79  8 75 13 44 37 12 31 91 66 23  9 74
 50 10  1  3 25 25 59 32  2 50 75 49 20  1 85 45 10 30  7 45 50 85 30  0
 57 25 73  2]
[19 25 69 15 20  0 25 32 60 30  9 74 57 10 33  6 42 67 43 28  2 25 25  7
 74  1 50 92  9 20 17 75 21 10 13  7 50 27 63 23  3 39 30 61 20 16 49 69
 10 20  4 46 50 25 37  5 25 19 21 15 11 44 50 28 64 10 34  8 32 49  8 15
 50 74 30 12 65 35 20 25 13 66 73 53 41 14 29 48 49 25 15 69  5  8 20 18
 10 59 25 30]
[16 75 54 10 35  3 25 25 51 56  5 25 83 25 88 10 74 76 46 23 15 50 20 24
 69  9 27 84 12 52  0 75 59 10 26  7 25 21 24 73 12 25 49 60 26  4 62 33
 22 99 14 39 56 30 39 11 50 56 10 20  2 50 68 10 45  6 16 15  4 84 13 50
 25  3 53  1 50 32 45  3  8 25 42 50 27 19 25 69 59 10 17 50 30 35 59 18
 50 50 10 22]
[19 46 25 24 49 16 25 38 58  7  8 25 11 25 52  5 42 29  1 66  2 50 25 64
 25 13 75 45 10 10 17 75 69 10 20 18 71 21 10 43  4 25 50 35  7  6 56 25
 39 25 15 92 45 75  1  7 10 54 50 41 14 50 50 34 20 12 25 50 42 33  3 50
 50 10 13 11 50 63 10 16  9 17 18 65 61 10 75 63  9 20  1 25 80 20 71  0
 83 25  2 61]
[ 7 51 25 92 25  9 25 50 45  7 19 74 10 10 67 13 75 12 44 24  6 25 62 54
 13  8 50 50 10 69 10 55 67 30 28 17 25 49 60 10  4 53 27 29 43  2 25 25
 71 25 11 50 30  4 65 12 73 13 12 19 14 64 42 10 13  0 64 82 57 25  5 50
 69 10 16 15 70 50  1 12 16 50 50 10 31 18 50 33 59 47  3 23 50 65 20  1
 18 25 42 57]
[ 4 74 25 10 88 17 75 16 10 73  3 25 25 40 28  8 75 33 10 68  9 64 94  6
 85  2 50 75 36 20 16 33 69 43 20 10 75  7 10 37 18 50 42 35 13  6 75  8
 81 22  7 48 50 25 45 11 53 52 32 34 15 25 27 31 62 14 50 12 24  6 12 64
 50 11 40 13 50 67 49  2  5 28 84 47 19  1 29 70 46 27  0 38 25 42 45 19
 50 69 14 20]
[16 39 42 46 47 18 70 17 15 26  0 25 32 60 52  2 60 25 35 25  9 74 76 10
 34 15 25 16 25 72  8 95  9 24 67  1 50 75 13 20  3 50 99 45 25 19 34 43
  1 46  5 40 39 40 36  7 33 15 87 39 17 66 69 11 20 14 50 50 23 22  4 50
 79  1 20  6 45 50 23 45 13 25 10 25 46 10 75 50 10 37 12 25 50 35 21 11
 50 67 10 20]
[13 25 45 44 37  7 25 42 60 41  2 60 64 25 23  6 50 67  5 16 16 67 67 18
 22 19 25 45 59 44  8 68 39  7 46  0 75 62 10 97  1 67 25 12 62 14 40 36
 44 54  3 50 58 35 25  4 52 41 18 50  5 25 11 25 43 11 67 38 18 67  9 40
 54 44 27 15 25 62 77  1 18 44 51 16 38 10 36 50 39 57 12 50 38 10 57 17
 69 37 10 10]
[ 6 25 44 58 51 13 67 23 18 64  0 75 29 25 21  8 57 25 20 39  3 63 25 56
 17  4  1 49 15 30 19 25 42 31 12 15 61 25 13 45 12 78 22 24 65 10 25 99
 36 35 11 49 75 47 20 14 50 49 20 38  2 48 28 50 21 18 25 50 20 21  1 60
 50 46 15  5 50 21 16 23 16 63 50 22 13  9 74 97 10 64  7 48 76 23 44 17
 50 50 10 10]
[ 9 25 52 19 44 14 44 75 10 20 12 30 48 32 29 11 25 21 25 85  4 61 80 23
 66 10 25 31 15 31 16 75 32 10 57 18 27 50 30 39 15 50  1  8  9  8 25 73
  7 20 13 50 17 10 73  2 25 39 27 56  0 25 84 12 37  1 50 55  1 40  7 68
 76 17 43  6 50 50 70 23 17 52 32 10 57  5 37 29 48 37 19 60 69 24 16  3
 46 35 73 45]
[ 5 44 25 83 25 19 27 30 57 49  2 75 73 74 20  6 20 50 11 45  7 49 75 50
 20 15 25 32 21 32  4 74 42 10 31  9 25 48 52 27 14 25 50 10 25  8 13 50
 10 25 10 25 21  2 10 11 30 89 20 15 13 50 67 10 28 12 51 73 34 22  3 26
 70 14 42 16 75 62 10 27 17 50 50 35 39 18 50 55 12  4  1 66 50 88 20  0
 91 25 64 25]
[ 8 30 15  1 36  4 54 28 30 58  2 25 25 85 25  1 61 50 16 77 12 50 53 35
 42 11 64 67 12 67  3 79 25 10 36  0 25 42 69 49  6 45 46 16 46  5 25 46
 12 65  7 42 48 23 32 19 53 69 31 20 15 26 21 24  5 18 40 50 48 10  9 16
 75 68 20 10 89 47 31 20 13 75 71 24 24 17 41 50 19 39 14 46 50 25 10 16
  3 26 61 19]
[ 4 46 59 38  1  0 55 25 66 25  1 26 50 16 46  3 25 36 61 23 18 32 35 53
 29 13 57 25 14 55 15 45 69  2 16 17 57 25 10 64  2  9 50 51 45  5 25 74
  1 12 16 32 69 60 20  8 38 62 19  6 14 62 33 22 59  6 75 95 10 59 12 50
 50 42 20 19 74 54 10 35 11 53 17 32 33 10 25 95 20  3  7 50 50 23 19  9
 41 38 25 40]
[11 74 54 11 21 10 56 25 52 43  6 75 67 10 32  7 61 73 38 22 17 25 51 42
 32  4 74 73 10 50 12 70 60 15 53 13 50 51 33  4 18 53 10 32 38  3 48 25
 37 70  9 63 15 11 62  1 25 62 60 50  8 67 50 31 30  0 32 87 13 38 14 74
 33 10  1  5 45 42 15 28 15 25 58 17 31  2 50 61 33 57 16 13 23 52 28 19
 61 11 23  5]
[ 9 74 98 10 32 13 59 57 26 32 14 50 15 20 21  6 29 63 10 67 18 75 44 10
 20 12 48 25 16 13 17 25 58 85 31  7 33 78 15  1 19 71 40 13 49  8 39 47
 46 15 11 39 40 28 55 10 25 62 39 16  2 75 40 10 36 15 75 53 10 36 16 50
 50 10 39  5 45 27 14 62  1 25 78 84 30  4 58 48 26 57  3 73 72 20 20  0
 92 25 49 53]
[19 27 69 57 20 16 58 69 27 14  9 74 20 10 21 17 75 32  7 50 12 25 84 49
 30  1 55 25 93  2 18 52 25 21 44  5 75 82 10 44 11 61 41 55 36  6 75 66
 10 20 15 81 45 14 10  7 50 65 31 21 14 63 12 21 52  8 61 33 12 40 13 46
 50 19 14 10 65 16 45  6  0 50 46  2 24  4 64 25 15 27  3 58 48 41 30  2
 72 49 17 16]
[16 52 30 94 20 15 25 25 62 64  5 72 25 46 25  3 27 25 75 18  2 33 50 61
 20  1 58 36 10 23  4 74 62 10 94 10 25 46 60 24 11 50 25 82 10 17 44 50
 41 39  6 64 50 21 20  0 58 93 10 43  7 60 50 15 20  8 67 52  5  3  9 64
 12 10 71 12 15 42 70 28 13 75 27 24 23 14 64 52 10  4 18 71 50 14 39 19
 63 11 11 69]
[17 39 32 10 37 19 25 20 25 42  7 36 67 49 28 11 75 57 10 20  4 74 87 10
 20 16 64 69 56 20  8 50 75 69  9 18 50 69 61 20  1 25 25 52 64  0 50 40
 10 26 15 25 47 10 39 12 58 86 20 28 14 50 39 34 60 13 24 58 36 28 10 25
 72 84 20  9 64 55 10 20  2 42 70 93 30  6 25 56 37 61  5 50 97 10 20  3
 20 50  1 20]
[16 47 57 24 28 14 25 15 18 32 17 36 69 49 20  8 25 82 25 74  0 62 57 23
 10 19 25 69 19  4  7 27 55 68 27 18 50 38 14 31  4 62 82 22 31 15 25 60
 57 29  9 52 58 10 23 10 57 30  9 75  3 25 27 35 73  1 50 37 35 41  6 32
 22 18 59 11 31 36 31 11  5 57 22 10 53 13 50 37 10 46  2 50 60 10 27 12
 50 71  2 43]
[ 9 71 52 10 67  8 41 45 10 13 17 75 13 10 76 16 25  8 25 18  6 27 68 15
 23  5 52 52 10 43 15 82 26 63 36 14 27 50 10 84 18 50 50 12 39 13 52  0
 54 50  2 43 75 33 20  1 25 25 16 59 12 53 25 34 33  4 25 70 48 20 11 50
 22 35 49  3 30 42 70 28 19 37  5 34 84 10 50 52 10 82  7 66 50 10 20  0
 50 51  6 46]
[ 4 29 25 53 70  6 44 74 42  1  7 75 20  8 42  5 25 67 54 28  8 70 52 15
 56  3 48 25 16 23 13 60 29 10 38  2 31 64 44 55 10 25 50 48 45 19 74 12
 10 77  9 50 50 25 45 11 75 30 55 20  1 46 50 20 13 14 50 50 24 24 12  3
 50 92 18 18 78 62 10 27  0 71 42 10 44 15 71 69 14 16 16 50 69 10 20 17
 25 27 20 16]
[ 8 25 14 25 49  5 62 60 23 96 15 52 25 10 62  0 57 85 28 20  9 45 25 39
 60 11 50 36 35 59 12 75 18 40 32  6 50 25 45 25  4 74 26 10 34 18 75 69
 10 12  7 31 50 29  8  1 39 25 70 25 17 63 69 32 20  3 50 39 45 31  2 50
 50 10 20 13 22 55 63 10 10 25  9 32 45 14 74 40 10 50 16 51 51  5 16 19
 69 50 10 39]
[19 74 56 10 33  2 69 42 16 84  1 27 37 77 58 16 31 49 54 40  9 25 42 59
  4 18 25 19 23 70 12 41 74 19 20  4 25 67 25 16  3 50 42 32 25  8 50 22
 10 73  0 51 75 11 15  5 52 45 10 32 10 74 56 11 38 14 25 49 59 52  7 47
 66 22 43 11 50 25 32 49  6 72 50 10 10 15 56 41 10 15 17 50 49 10 28 13
 48 50 12 16]
[ 5 25 93 25 53  1 39 26 40 63 13 52 60 33 35 12 69 19 16 73  0 46 25 14
 20 17 75 52  6 25 10 50 51 32 39 15 58 45 27 27 11 47 25 57 50  4 42 67
 27 28  2 44 25 18 63  7 55 43 30 21  6 22 23 17 73  3 67 25 10 84  8 57
 38 10 67 14 50 27  9 68  9 74 49 10 54 16 87 69 23 20 18 46 69 33 20 19
 44 69 40 20]
[ 5 36 72 18 23 10 75 28 71 22 14 35 72 24 23  9 25 51 59 37  2 75 25 71
 25 13 42 75 28 20 18 75 52 10 12 11 10 67 75 28  8 50 92 18 28 16 75 50
 10 39  4 25 50 36 46  6 36 53 45 20  3 48 50 12 58 15 99 50 11 39  1 56
 25 54 67 17 50 53 60 36  7 73 53 10 10  0 29 44 62 54 12 50 75  1 23 19
 63 42 21 47]
[15 25 34 59 34  0 75 93 10 61 19 58 25 26 48  7 25 23 25 67  6 50 75 10
 20 10 25 59 50 20  4 74 25 10 31 18 80 39 13 50 14 52 50 32 20 11 50 52
 13 43 16 49 50 36 39  8 75 24 43 10  9 38 34 26 61  3 65 25 24 44 17 50
 56 21 33  5 25 82 29 22 12 75 30 33 20 13 77 50 10 34  2 70 25 19 95  1
 50 76 10 15]
[ 5 34 47 51 48 15 72 66 13 23  4 25 67 59 28 10 56 79 26 32 14 72 56 12
 40 18 72  7 12 31  8 25 41  6 70  9 29 50 23 47  7 25 70 17 92 16 50 31
 10 58 12 42 75 20 20 19 62 56 22 33 13 54 10 10 54  6 55 48 40  9 11 50
 56 10 20 17 42 54 90 35  3 32 64 28 36  2 57 62 10 24  1 32 72 22 20  0
 75 52 42 20]
[ 4 74 25 10 51 19 35 67 25 22  6 71 90 14 16 12 50 75 66 16 13 15 25 42
 50  9 25 52 59 43  0 25 25 30 70  2 25 25 87 25  8 50 50 10 20  1 20 30
 40 40  3 61 50 48 47 10 65 19 47 26  7 42 43 43 11  5 55 74 10 65 11 61
 45 10 88 14 57 50 27 58 15 49 49 36  6 16 51 35 10 19 17 36 39 14 33 18
 60 49 10 30]
[ 8 25 44 49 31 12 75 30 79 20 19 63  9 10 32  9 39 32 25 30 17 41 16 42
  6 13 48 75 50 10  4 25 30 59 15 11 30 23 16 45 14 53 55 10 20 15 75 23
 58 27  1 58 75 33 20 10 55 25 10 56 16 27 36 13 36  2 45 55 40 20  7 25
 56 35 35  6 46 73 14 40  0 80 30 42  4 18  4 69 25 20  3 50 69 24 20  5
 35 72  1 47]
[ 9 74 81 10 32  6 25 27 83 12  5 68 39 47 56  4 31 25 53 25 11 75 50 10
 73 19 60 13 14 24 10 74 59 36 36  0 25 65 35 75 16 28 53 38  3  8 87 19
 32 52  1 55 52 25 20 13 75 80 15 54  7 45 39 77  1  3 61 64 26  9 18 25
 26 50 29 14 50 26 24  1 17 50 25 10 45 15 53 69 56 20 12 58 10 50 60  2
 54 25 12 47]
[ 3 70 52 15 73 16 75 69 10 20 19 74 69 10 20 15 25 69 38  3 13 33 90 17
 23 17 50 25 18 41 11 25 58 29 56  6 75 68 10 52  8 37 79 21 42  5 97 10
  7 17  9 50 43 34 14  0 75 25 49 25 10 25 94 35  7  7 50 75 22 20 14 40
 35 44 79  2 34 93 71 20 12 62 50 10 20  4 74 25 10 24 18 50 38 25 51  1
 10 41 26 76]
[18 40 52 28 37  5 75 66 10 99  4 25 45 59 50  3 50 25 59 13 12 25 49 60
 46  1 75 49 10 73 14 25 24 25 34  0 55 91 30 20 10 52 21 23 21  6 50 62
  3 27 17 65 53  4 36 16 50 69 50 20 15 65 33 10 56  7 59 48  9 46  8 50
 54 10 10  9 74 50 10 24 19 33 27 10 62  2 84 44 11 10 11 50 47  1 67 13
 50 36 10 53]
[ 2 75 25 79 15 17 32 69 11 20 10 75 18 10 76  8 25 39 60 18  6 50 75 81
 20  0 75 25 22  5 19 27 40 57 49 18  8 54 54 34  7 23 25 37 50 16 25 21
 15 19  3 44 40 41 39 14 36 19 14 27  1 93 33 17 37 13 25 50 60 15  5 25
 50 50 61  9 66 41 18 23  4 50 64 34 22 11 75 79  4 20 12 50 50 10 49 15
 51 52  1 37]
[12 65 37 13 50 11 30 85 20 49 17 25 69 60 20 10 82 65 52 15  9 74 61 10
 47  4 68 25 16 29  8 64  6 39 87 13 75 48 10 54  5 25 80 31 60  7 25  1
 17 66  3 43 53 21 10 18 50 58 35 18  2 42 43 36 84  6 15 60 45 20  1 38
 85 22  2  0 81 35 11 16 14 50 48 24 42 15 55 69 10 20 16 50 35 50 34 19
 50 69 34  6]
[11 25  5 25 39  3 58 52 27 43  2 27 73  1 98 16 50 69 35 20 10 38 29 22
 13 17 50 69 35 20  8 25 75 53 15  5 50 54 10 10  9 74 86 10  9 12 28 79
 57 35  7 28 20 10 39 18 50 25 62 25 14 32 50 52 20  6 52 25 10  9 13 39
 45 28 25 15 42 51 43  6 19 15 50 51 39  4 50 99 34 32  1 53 25 86 27  0
 25 44 63 11]
[ 9 66 50 18 50  1 74 25 49 25 10 75  1 10 20  8 80 25 39 25  4 30 31 16
 39  6 75 72 66 23 16 26 13 24 14 11 70 50 15 21  3 25 50 40 21 12 50 65
 35  2 13 50 50 35 12  5 25 58 50 45 15 40 67 73 22 19 25 69 35 20  0 50
 57 70 34  2 50 50 10 45 18 25 22 60 47  7 51 52 29 20 14 56 65 28 49 17
 43 36 17  1]
[11 25 33 60 35 14 74 38 10 55 10 33 39 27  4 15 25 38 60 25  0 38 50 11
 40  1 75 49 10 61  6 25 49 15 29  9 53 32 31 51 19 25 13 49 76 12 50 25
  1 43  2 52 64 33 31  8 78 83 13 16 18 27 15 23 43 13 50 31 28 27  7 50
 50 71 20  3 62 58 23 37 16 75 23 22 27  5 50 20 50  6 17 30 69 65 20  4
 62 53 22 24]
[ 7 72 29 82  5 15 25 22 25 67  5 40 62 45 33  2 25 59 47 64  8 37 34 48
 53  6 50 28 10  2 16 41 25 94 25 13 25 50 60 20  0 75 25 71 25  4 44 25
 11 37 14 74 64 10 10 17 75 69 10  9 10 50 53 26 10 11 75 40  7 19  3 37
 50 42 11  9 74 89 10 20 12 50 33 10 37  1  9 25 18 82 18 50 50 35  7 19
 50  2 24 47]
[15 25 54 51 35 14 33 10 17 71 13 30 13 20 57 19 62 27 22 62  9 66 10 18
 16 11 70 93 10 11  1 61 25 39 25 18 25 29 43 60  5 75 79 45 59  4 25 25
 54 30  8 50 25 51 30  6 25  1 36 32  7 20 33 58 25  3 50 50 10 20 10 55
 60 12 11 12 55 26 10  9  2 26 58 30 20  0 25 58 35 88 16 60 48  2 25 17
 45 48 15 41]
[ 9 41 75 43 20 17 75 51 10 38 13 25 41 15  1  5 44 65 41 30  2 73 90 12
 41  8 51 81 25 55 12 25 86 50 48 10 67 92 18 12 16 50 25 10 64  3 50 26
 11 59 11 92 42 29 44  7 63 42 10 44 19 55 25 29 59  1 34 25 69 27  0 59
 25 10 67  4 26 84 58 10  6 50 10 33 71 14 41 50 21 20 15 25 17 60 30 18
 50 46 40 31]
[10 66 39 19 61 18 70 64 15 25  0 25 27 54 68  9 63 24 21 95 17 44 69 61
 20  8 85 75 13 20 13 66 10  5 71 14 36 89 14 20  5 53 50 32 19 16 50 50
 25 39  4 28 80 27 20  1 67 25  4 53 12 64 53 27 61  7 25 33 66 24  2 59
 42 26 16  3 50 27 69 42 19 50 68 34 21 15 25 52  1  9 11 50 75 49 20  6
 50 46 10 55]
[10 42 53 43  4  9 65 74  1  2 16 25 69 46 20 13 25 54 60 15  5 28 17 22
 81 15 50 12 35 46 14 50 48 34 47 18 29 69 21 20 12 27 40 24 19 17 50 42
 70 27  2 75 90 10 54 11 50 94 35 20  8 74 49 30 25  7 25 65  2 53 19 74
 50 10 33  3  3 81 10 49  6 50 71 10 26  4 31 74 53  7  1 58 36 13 58  0
 50 59 43 57]
[16 75 41 10 48 19 32 15 18 13 18 31 65 45 24 17 56 25  6 47 15 25 20 25
 69  9 25 85  9 20 10 50 94 60 40 14 50 15  8 83  0 25 28 62 22 11 17 36
 16 58  7 25 32 39 63  1 11 50 14 36  3 71 25 11 81  8 61 65 24 20 13 25
 50 35 20  2  0 68 25 27 12 50 50  9 15  4 47 25 37 53  5 75 61 10 10  6
 50 58 10 58]
[11 25 34 24  2  1 75 25 41 19 10 27 49 13 85  2  0 27 40 68  3  5 74 15
 21 17 43 25 69  6  0 40 51 30 31  4 68 88  7 71  7 69 22 75 21  5 25 39
 45 35  6 35 59 32 20 16 55 24 21 24 19 36 35 48 54  8 18 75 61 13  9 58
 43 10 52 12 41 50 44 20 13 50 50 35 15 14 50 50  8 17 15 40 69 92 20 18
 27 31 36 58]
