[10 75  5 10 37 19 33 69 51 20  3 25 25 83 25  6 50 25 25 65  7 75 78 10
 54  9 59 75 25 20 13 50 46 20 49 17 65 43 20 41  5 25 77 39 16  8 18 25
 27 53  2 25 50 25 20 14 74 82 10 32  1 25 51 25 15 18 50 50 18 39 16 64
 69 36  4 15 63 69 36 20 11 32 46 37 46  0 50 44 10 74 12 34 65 41 23  4
 74 25 10 55]
[18 63 31 14 58 11 74 30 92 20 17 85 29 13 41  4 74 58 10 86 19 42 69 42
 20 16 60 11 25 67 15 85 49 10 40  0 25 25 99 22  5 75 75 22 26  1 17 87
 20 41  9 25 15 48 33  6 37 55 48 20 13 75 50 10 26  2 16 54 69 41  3 50
 39 22 21 10 58 38 17 96 14 56 50 18 64  8 71 48 38 21  7 78 50 14 25 12
 87 54 23 20]
[17 28  9 22 14 16 25  5 25 10 18 59 50 26 35  8 51 63  8 19  7 76 25  7
 25  0 75 25 39 25 10 25 46 35 49 11 50 25 24 29  3 25 25 57 45 12 50 16
 36 34  5 25 63 60 28 19 50 25 18 50  4 47 52 36  6 13 75 27 16 23  6 58
 25 43 23  9 53 16 31 56  2 50 49 10 21 14 28 48 12 47  1 34 66 24 42 15
 73 25 95 25]
[ 19  64  50  20  17   7  52  25   1  60  10  25  33  60  33   5  25  54
  60  24   3  38  42  47  53  11  51  25  25  70   4  74  62  10 100   6
  50  37  36  33   9  39  50  35  45   8  59  50  15  42  18  25  41  74
  19  17  50  25  10  64  12  41  50  44  20   2  28  29  45  41  13  50
  47  24  39  14  64  50  10  45  15  59  21  18  68  16  42  50  36  39
   1  28  25  35  49   0  25  63  10  36]
[ 5 35 55 50 40 19 74  6 10 68  3 25 85 20 19 18 44 50 65 28 16 25 61 60
 28  2 25 25 68 50 17 50 69  2 20 15 25 15 25 49  4 40 25 44 63 14 63  6
 21 45  6 50 75 42 20  1 25 42 35 58  7 37 30 23 45 13 25 97 19 24 10 50
 50 35 56  8 45 63 40 49 12 70 75 73  8  0 48 80 12 20  9 53 43 10 40 11
 56 77 49 20]
[11 57 51 28 29  9 25 97 25 13 14 74 18 10 62  2 25 25  2 86 10 25 32 67
 51  8 73 59 36 38  4 50 78 34 26 19 63 20 11 44  0 25 50 60 37  5 25 42
 41 35 12 75 52 10 11  7 34 63 66 32 18 67 43 31 27  1 50 41 10 54  3  0
 25 89 53 17 25 35 77 54  6 42 50 18 24 13 50 50 10 30 15 25 38 60  3 16
  6 69  9 20]
[11 75 30 86 20 10 25 42 22 78 12 55 50  3 32  4 50 63 34 10 14 37 67 47
 13 16 58 56 16 33 18 25 15  5 35  2 28 89 22 31  7 75 55 10 20  1 25 41
 56 44  3 40 38 41 57 15 47  3 18 33 17 62 50 58 39  9 74 28 10 84  0 25
 88 25 10 19 50 37 34 52 13 59 50 13 45  6 25 40 38 53  8 50 50 39 25  5
 50 73 10 20]
[12 53 25 83  5 19 26 62 58 27 15 75  9 10 63  1 70 50 15 25 17 75 25 26
 25 11 97 30 63 20 10 65 34 67 20  9 74 96 10 56 16 50 69 60  1  3 75 46
 10 63 14 35 87 39 20 13 27 50 13 63 18 46 50 15 39  5 75 53 10 26  8 65
 50 10 20  4 63 59 17 20  7 45 34 50 20  6 70 59 18 20  2 50 25 24 54  0
 81 25 39 25]
[15 25 46 60  9 10 25  9 25 82  5 50 59 35  4 19 55 25 27 64  6 75 30 41
 20  8 75 37 10 25  3 25 25 94 25 12 30 64 55 31  7 51 50 59 45 18 68 69
 22 20  4 41 62 43 16  2 25 25 34 50 13 75 58 10 56 17 25 50 34 34 16 50
 66 10  1 11 33 45 32 46  1 44 29 16 71 14 50 50 34 20  0 39 79 28 19  9
 50 75 13 20]
[ 2 25 65 60 30 14 74 49 10 61  5 25 64 11  9  8 41 75 68 20  9 74 62 10
 32 13 25  6 84 24  1 31 32 72 22  3 62 65 23 31 19 51 69 33 20  4 67 49
 17 25 17 75 39 10 50 12 87 50 57 45 15 26 69 17 20  6 63 50 22 11  7 50
 50 10 59 10 75  7 23 43  0 25 25 41 77 11  9 12 31 41 16 50 51 60 38 18
 50 62 36 27]
[12 30 54 42 41  3 25 67 60 28 19 31 38 36 12 11 55 25 56 12 18 72 58 40
 31 15 25 37 60 52  0 63 28 46 22  2 25 70 35  3  1 78 41 49 21 16 50 34
 15 55 10 49 62 23 20  5 65  5  7 77  4 50 29 34 66  6 37 81 18 43 17 76
 25 25 54 13 44 25 24 45 14 66 63 18 20  7  4 61 16 19  8 22 50 52 20  9
 42 50 42 58]
[ 5 25  2  4 18 10 48  6 37 50 16 25 25  2 64 17 20 50 25 25 12 25 18  6
 50 13 25  9 25 10  9 25 70 25 40 15 25 28  9 40  8 50 50 11 20  4 25 25
 59  2 11 50 25 10 70  0 50 25  4 71  2 25 25 50 55  1 19 25 41 17 18 31
 44 14 45  7 50 35 10 12  6 50 25 10 45 14 50 16 34 21  3 40 25  2 74 19
 10  4 15 45]
[ 5 49 25 18 25 18 25 11 11 26  4 48 39 18 25  3 25 25 58 25  6 25 50 13
 39  2 25 48  6 50 10 25  7 35 29  7 32 15 32 45  8 30  5 25 13  1 25 25
 43 23  0 25 42 35 16  9 50 22 25 60 13 36 25 19 50 11  4 36 21 16 12  0
 44 25 30 14 20 25 25 50 15 45  7 25 19 19 29 30 32  1 16 18 69 67 20 17
 52 37 50 10]
[16 75 25 50  4 12 50 25 25 43  5 25  2 25 56 10 25 31 29 64 14 30  7 20
 50  2 25 25 50 33 19 25 21 18 64 11 25 25 50 50  4 60 48 24 50 18 30 29
 29 30  9 50  6 10 50 15 25 50 19  2  6 50 50  2  8 13 40  2 10 68  1 36
 50 24 12  7 58 13 27 15  3 50 47 35 45  8 50 47 15 39 17 22 30 43 59  0
 50 25 45  9]
[ 8 25 25 33 25 13 50 14 19 74  5 25 69  2 50 10 27 30 87 20  9 40 25 44
 12  4 25 25  6  2 18 36 25 13 24  1 50 25 37 25 12 25 50  4 69 11 39 69
 20 26 14 34 17 23 40 17 29 30 42 11  7 25 22  9 53  2 50 50 25 20  6 26
 13 25 10  3 40 25 20 44 15 25 29 49 25 16 50 50 10 39  0 51 25 20 31 19
 38 45  8 11]
[ 4 25 25  1 50 19 50 25 28 25 10 25 15 13 62  5 38 73 11 39 11 14 19 36
 35  3 25 75 94 20  6 50 50 35 50  7 50 25 10 50 12 50 30 25 65  9 25 50
 16 25  8 25 50 35 25 15 25 32 25 25  1 51 25 50 25 18 53 25 32 50 17 45
 50 25 20 13 50 30 15 34 14 30 45 19 25 16 25  9  6 45  2  8 50  1 25  0
 25 82 25 23]
[10 25  0 25 50  4 25 87 25 50  1 25 25 44 50 18 25 10  5 25  9 65 15 19
  7  8 25 30 25 25  5 50 43 25 25  0 50 68 10 20 11 44 45 39 11  7 37 15
 13 37 19 50 25 25 50  6 50 30 17 17 17 70  6 15 26 12 48 30 47 20 13 50
 50 16 25 14 31 86 19 11 16 25 14 70 21 15 46 15 14 16  2 50 25 25  2  3
 15 50 59 25]
[13 33 25 50 50 10 25 59 17 17  0 25 25 35 69  2 34 50 39 17  8 25 25  5
 50  5 25 57 44  4  4 29 25 42 64  9 16 25 13 45  6 75 22 20 19 15 31 31
  3 25  3 38 25 14 16 11 10 16 75 25  7 50 41 10 54 12 50 51  9 25 14 48
  3 26 64  1 25 49 35 17 16 61 47 24 42 17 50 31 25 49 19 25 30 19 19 18
 40 30 20 10]
[ 2 26 35 25 60  5 67 20 18 15 15 25 16 25 67 14 25 25 25 28 10 50  2 35
  1 11 22 49 25 25  4 50 71 34 15 13 49 30 11 18 16 15 29 25  3 12 50 27
 34 65  6 14 74  4 31  0 28 74 22 25  3 16 45 50 50 17 75 47 10 11  1 50
 38 11 48 18 50 45  4 10 19 50 55 19 25  9 44 41 17 19  8 69  2 40 24  7
 50 50 22 22]
[ 5 25 15  8 53  3 25 25 56 17  4  8 42  1 73  6 12 44 15 51  7 25 10 25
 49  2 50 25 10 50 10 25 25 20 18 11  5 50 39  1  8 44 50  7 45 15 25 14
 11 45  1 25 26 24 63  9 21 25 26  7  0 33 25 25 25 12 19 14 17 39 13  5
 25 39 14 14  8 50 40 45 16 50 16 48 28 17 25 69 50  1 18 70 69 15 20 19
 50 17 34  4]
[ 5 25 25 20 25  1 25 56 28 39  4 35 40 25 25  3 25 25 45 32 19 25 50 46
 25  6 25 50 10 26 10 31 15 25  3 15 75 26 17 19  9 25 39 44 24 18 25 25
 32 35  7  9 50 54 15  8 28 18 18 50 17 25  5 15 76 11 30 31 12 19 12 40
 20 23 50  2 25 48 17 20  0 45 50 15 10 13 51 20 11 16 14 25 36 50 55 16
 25  8 15 14]
[ 5 25 85 25 20 17 50 50 17 25 14 25 10 25 15 13 25  6 25 59  9 50 25 31
 11 16 25 69 25  6  7 25 11 20 99 10 50 25 25 50  4 25 25  4 25  2 45 25
 50  4  8 50 25 35 30 12 45 15 15  3 11 50 25  3 25 15 50 30 84  2  6 25
 25 25 28 19 25 10 50 45 18 40 20 12 69  3 41 44  3 52  0 75 25 33 21  1
 25 25 15 34]
[ 7 25 50 60 39 12 62 50 18 42 18 25 47 19 42 17 25  4 37  2  5 25  2 25
 32  0 50 25 18 50 15 25  2 25 11  2 44 75 48 12  4 25 25  1 50  1 33 33
 15 84  3 50 25 10 25 11 25 27 35 50  6 48 20 31 25  8 50 42 35 25  9 50
 50 34 10 10 50  3 10 56 13 45 44 19 38 14 29 22 25 13 16 20 32 50 26 19
 70 69 14 17]
[ 5 25 48 50 20  6 40 50 33 10 16 25  9 25 45 17 15 35 37 20  4 74 68 10
  8  7 50 25 15 17  3 25 49 24 21  0 25 25 25 68  9 25 10  4 45  2 25 25
  3 31 10 29 23 37 31  1 15 25 45 68 12 25 15 25 14  8 25 42  6 35 11 50
 15 10 65 13 36 25 11 54 15 25  9  1  7 14 12 10 25 31 18 30 34 25 15 19
 37 25 47  7]
[ 5 25 35  1 19  4 25 25 37 67  1 25 25 50 50  6 59 30 25 65  7 49 25 25
 25  3 25 26  7 25 19 30 25 10 45  2 40 50 20 20 18 25 63 40 25  8 28 50
  8 25 13 25 30 51 25 11 25 47 14  7 17 25 33 47 30  0 25 25  9 38  9 10
 10 15 52 10 25 50 35 39 12 10  3 14 35 14 41 11 10 50 15 50 44 35 45 16
 50 25 10 32]
[ 5 25 62 25 25  4 74 35 10 64  6 25 12 25 55 10 25 42 25 25  9 25 50 25
 50  7 50 75 33 10 11 45 22 18 25  8 50 63  6 32  3 25 25 29 83 14 50 10
 34 25 12 25 50  5 47 13 50 50 10 10  2 29 90 31 30  1 50 25  6 75 15 46
 25 16 25 16 16 69 46 20 17 37  3 39 54 18 41 69  3 20 19  9 50 25  5  0
 50 25 16 29]
[ 2 25 25 25 16  8 28 50 17 45  5 25 25 25 60 18 25 13 25 50 10 33 75 75
  8  4 59 25 11 17  6 43 57 19 38 17 25 41 16 26  3 25 25 29 10 16 25 38
 35 11 11 74 25 24 19  7 53 25 25 25  1 74 50 14 65 15 25 57 33 19  0 51
 81 12 17  9 10 50 18 31 12 50 44 10 90 13 50 41 35 44 14 50 50 34 45 19
 74 50  1 25]
[ 5 25 25 50 50  7 37 34 48 18  3 25 25  8  9 10 25 35 25 25  0 25 25 87
 25  9 69 15  1 44  4  0 45 69  9 19 25  3 25 50  1 62 50  8 45  8 50 75
 10 20 11 50 25 56  6  6 62 50 10 20 12 75 51 10  5  2 35 50 35 29 13 50
 50  1 19 14 50 15 34 50 15 25 15 50 13 16 29 28 37 53 17 40 20 45  3 18
 15 25 45  4]
[ 5 25  2 25 36 11 50 75 87 20  4 25 25  1 25 19 45 25 39 15  2 59 41 26
 28 10 25 19 60 54 17 29 50 50  3 18 44 50 75 39  9 29 25 47 25  1 25 25
 20 19  8 25 24 25 75 12 50 25 10 50  6 64 14 25 19  3 59 50 41 15  7 16
 12 13 41 13 50  3 11 72  0 50 25 10  2 14 26 16 28 25 15 25 28  5 45 16
 36 64 36  1]
[10 45 75 17 20  5 62  0 23 44  8 63 25 56 25 15 25 35 20 25  4 25 25 18
 17  2 25 25  5  6  9 50 50 34 37 14 25 45 46 17  6  2 15 13  8 19 55 17
 24 59  3 17 39 43 39  1 50 25 10 25  7 46 33  3 19  0 50 94 20 61 11 75
  7 66  5 12 50 75 50  4 13 50 50 10 25 16 20 59 39  2 17 24 17 24 61 18
 80 25  3 31]
[11 25 75 20 15 15 30 17 20 25  0 25 25 37  5 19 42 39 25 25 10 52 50 50
 25  1 14 50 25 25  9 25 64 23 24 14 28 43 25  8 16 10 42 15  7 18 63 41
  4 12  5 25 50 43 25  8 25 25 67 39 12 38 30 40 51  7 50 25 10 25  4 50
 25 12 25  3 25 49 18  3  2 25 50 35 20 13 43 75 20 30  6 33 34 52 10 17
 55 62 50 27]
[ 5 25 65 25 25  6 25 12 25 25  4 25 77 25 20 12 37  8 13 28  9 74 51 10
 34 17 33  8 50 43 11 25 41 43 54  3 31 41 25 34 10 25 45 35  1  7 50 50
 15 48  8 30 72 25 23  1 50 69 35 11  2 50 68 16 27 13 48 50  6 45 14 19
 50 65 25  0 25 25 35 39 15 50 50 35 11 16 50 50 18  6 18 48 69 19 20 19
 32 30 52 40]
[ 5 25 25  2  3  4 25 25 25 25  3 52 50 39 25 15 27 28  5 25 10 25 50 50
 23  6 25 34 37 61 14 25  1 15 50  7 27 25 12 10 19 25 52 25 16  2 25 25
 50 45  8 36 25  2  3  9 42 30 42 17  1 25 43 35 36 13 25  6 35 25 18 25
 39 35 50 12 25 50 55 34  0 25 50 25 20 11 40 60 20 35 16 25 50 50 13 17
 50 50 10 20]
[13 25 25 11 14  5 50 30 35 25 16 67 50 18 21 18 25  5 29 25  2 50 25 69
 25  4 25 71 16  1 12 35 25 18 50  3 13 50 15 45  6 50 50 35 20  1 25 51
 58 24  7 50 50 35 20  8 50 33 35 25 19 10 50 11 15 14 19 20 25 75 17 50
 30 10 59 11 50 73 20  9 15 40 50 62  1  0 50 35 10 40 10 47 10 28 35  9
 50 25 13 18]
[ 5 46 25 50 15 14 25 20 25 27  4 25 25  1  9  1 25 25 66 25  6  0 15  7
 30 10 50 10 25 45  9 50 44 11 50  8 25 35 59 27  7 25 40 35 25 11 40 25
 75 20  3 25 25 17 19 12 59 45 15 45 13 39 45 21 25 15 25 30 25  4 16 50
 19 44 31  0 42 50 25 20  2 50 51 70 29 17 63 45 22 38 18 50 25 25 45 19
 40 44 44 11]
[ 5 50 61 35 25 10 25 50 26 45 16 25 39 26 11  9 25 25 59 25 11 16 41 45
 43  4 25 25 44 10  1 75 50 10 28 12 26 51 59 44  6 50 31 25 25  3 25 94
 18 30 17 39 50 15 13  0 25 73 25 67  7 40 33 20 63  2 63 74 32 20  8 43
 49 17 25 13 50 69 14 26 14 45 33 25 51 15 25 50 12 11 18 30 50 55 25 19
 74 46 10 25]
[17 74 25 63 25  0 25 49 50 46 10 25 49 13 25  9 25 25 40 49  1 40 50 10
 25 14 25 29 50 41 16 52 32 50 57  5 25 57 19 37  4 50 25  9 13 11 18 10
 25 19  8 50 31 10 60 12 45 25 25  4  7 25  1 25 69 13 37 10  1 74  6 43
 30 17 50  2 50 25 70 25  3 50 50 49 20 15 77 10 65 22 18 33 50 41 12 19
 39 50 45 39]
[18 25 45 50 33  5 34 30 25 65  9 25 25 18 59 10 25 50 16 65 19 40 59 25
 25  4 25 50 25 20  3 30 25  3 75 12 35 50 17 41  0 25 25 48 50  1 38 41
 39 54  6 45 50 40  8  7 50 36 15 32  2 42 50 23  8  8 33 50 11 39 11 25
 11 20 69 13 17 25 16 65 14 43 25 25 45 15 41 69 25 20 16 54 25 16 64 17
 35 50 23 39]
[ 1 50 50  2 25  5 74 69  4 28  6 43 30 25 10  4 39 25  6 25  9 50 25 34
  4 10 62 25 10 25  8 28 11  9 25 18 25  3 10 57 11 43 25 66 20 12  8 75
 30 20  7 25 40 10 28 13 35 50  4 77 14 74 10  7 65 17 25 69 45  6 15 75
 50 10 13  3 37 90 28 25 16 50 50 10 28  2 17 25 84 31 19  4 49  5 40  0
 39 25 48 25]
[ 5 62 25 52  4 10 25 59 25 10  2 25 25 36 45 18 25 25  2 25  9 25 32 50
 63 11 50 31 35 20  4 48 25 20  1  7 25 32 60 25  6 25 29 20 16  8 50 25
 10 70  3 40 57 10 20  1 35 50 25 20  0 33 25 13 62 14 35 50 26 45 19 16
 28  2 50 12 50 25 33 20 17 25 19 35  6 13 25 45 20 25 15 74  5 10 50 16
 49 69 72 20]
[ 0 25 50 25 50  5 50 25 93 20 11 25 25 14 50 13 25  2 25 45 10 25 53 35
 37  4 25 25  8 50  6 25 45 25 20 12 15 75 50 20  7 15 45 25 57  3 25 50
 35 20  2 50 50 10  1  9 25 30 10 39  1 16 25 50 10  8 50 25 10 67 14  3
 81 12 25 15 25 45 10 37 18 50 18 11  8 16 45 50 25 39 17 35 69 85 20 19
 50 15  8 69]
[ 0 25 25 39 25  1 25 50 60 25 12 36 21 14 25  3 25 25 51 63  4 41 25 15
 25  5 25 25 35  6 10 34 15 44  2  6 43 30 25 51  7 50 50 17  7  9 36 43
 30 52  2 50 75 10 19 13  5 46 25 25  8 59 50 12 50 11 51 36 20 50 14 50
 50 25  1 15 39 50 10 39 16 50 41 35 25 17 50 26 75 24 18 44 50 41 25 19
 50 50 26 39]
[10 25  5 25 50 17 25 44 50  3  9 25 10 25 20  6 30 16 17 25  5 62 41 58
 26 11 15 39 48 25  8 25 31 50 25 15 25 10  4 50  4 50 25  4 96 12 73 17
  6 72  3 25 25  9 39  7 50 26 10 40  2 25 25 35 46  1 50 66 10 20 13 75
 83 10 18 14  9 25  9 33 18  3 47 12 42 16  0 40 37 49  0 55 25 25 16 19
 50 33 34  9]
[ 5 50 50 17 45  4 49 59 35  4 14 50 25 25 70 10 67 50 10 35  0 75 25 20
 25  6 32 25 50 70  7 47 44 38 29 11 42 50 15 18  3 50 75 50  2  2 25 33
 25 12  1 25 25 12 45  8 50 42  5 39  9 66 18 18 50 12 22 50 20 25 13 31
 28 19 48 15 50 18 17 29 16 30 53 34 13 17 37 30 19 41 18 21 17 10 25 19
  8 31 25 25]
[15 44 50 41 15  5 25 41 20  4  4 63 50 21  8  3 50 25 15 50 17 49 25 20
 15 10 25 25 45 25 11 45 50 18 45  6 12 50  4  5  1 25 35 60 50  0 25 50
 13 25  7 33 40 30 35 12 35 41 14  5  2 50 25 20 20  8 28 11 22 62  9 74
 13 10 45 13  7 46 20  8 14 24 10 40 14 16 50 50 46  1 18 26 40 50 45 19
 41 50  2 39]
[ 5 50 25 50 10  4 25 50 59 41  6 16 35 60 48  3 28 72 30  8  7 41 25 22
 50  2 25 50 25 10  8 50 35 10 25 10 25  4 26 57  1 50 50 10 20 17 25 25
 25 19  9 25 48 59 25 11 28 38 50 32  0 25 65 20 17 12 43 30 25 20 13 25
 59 60 36 19 50 25 19 42 14 50 28 34 40 15 39 16 24 10 16 20 26 16 50 18
 19 50 10  6]
[10 25 25 11 25  2 25 25 58 32 13 25 15 25 25 11 50 25 45 25 19 33 28 51
 44 12 32 50 79 23  5 25  7 25 31  8 50 25  2 44  4 25 25 18  9  9 26  6
 25 56 17 50 28 17 49 18 58 28  7 25  6 14 47 25 41  3 48 43 13  9  7 22
 33 60 27 14 41 25 43 48 16 74 28 11 61  0 50 25 45 25 15 75 25 16 33  1
 18 50 42 15]
[13 25 30 46 28 15 48 50  2 25  9 74 11 10 50 12 25 88  3 45 11 28 28 50
 25  5 75 25  9 48  2 66 41  2 50  3 48 25 45 25  0 25 25 35 16  4 45 50
 29 25  1 18 41 61 29  6 49 25 50 25 18 25 13 60 25  7 14 50 71 23 14 50
 17 13 34  8 50 42 25 33 10 53 41 10 53 16 20 49 25 40 17 28 25 32 49 19
  1 69 16 20]
[ 0 62 25 25 25 13 34 51 20 37  1 15 25 12  6  5 75  5 11 45 10 25 17  6
 25 11 51 39 25 22 16 25 41 50 11 15 50 28 10  2 17 40 68 33 21  2 28 95
 22  5 12 41 35 28 74  9 25  3 25 50  4 50 25 34  2  6 31 73 15 10  3 31
 25 54  9  7 50 33  2 45 14 45 28 22 67  8 50 25 10 68 18 38 43 39 31 19
 62 50 22 39]
[12 41 25 48 25  3 25 25 11 72  6 25 25 11 10 15 48 25 17  5 11 48 46 25
 15  5 62 35  4  3  1 25 25 70 19 10 25 25 18 76  4 25 25 16 65 13 67 12
  5 72 18 25 11 40 78  7 25 50 12 28  2 50 44 10 71  8 36 25 17 45  9 37
 47 47 48 14 74 50 10 38  0 25 25 35 50 16  8 30 85  1 17 14 59 46 25 19
 30 39 44 50]
[ 4 34 41 25 25  5 25  7 20 15 11 74 17  2 16  3 45 25 24 70 16 25 10 25
  6 13 25 50 60 30 10 25 10 25 75  7 48 25 32 70  6 20 25 33 50 12 15 30
 24 25  9 49 36 30 45  8 45 50 25 17  2 39 33 41 37 18 25 42 60 19 17 30
 50 17 10  0 45 48 25 22  1 64 39 10 50 14 50 36 34 25 19 50 16 34  2 15
 25 40  8 25]
[ 0 28 25 10 10  5 25 45  8 79  8 69 13 16 50 10 55  3  3 33 12 25 46 43
 49  4 50 25 19 25 13 43 25 22 58  7 50 25 54  1  2 75 25 20  6 18 45 38
 20 31  6 44 25 41 66  9 50 25 34 23 11 39 46 21 10  3 59 31  5 39 14 41
 30 10 28  1 56 35 60 32 15 25 34 50 55 16 50 69 18 20 17 33 50 47 39 19
 32 14 25 50]
[ 0 25 25 25 50  5 25 45 20 14  2 25 25 50 25 19 25 13 25 10  4 33 67 45
 23  6 10 30 51 50  9 45 45  1 38  3 25 50 43 45 16 25 25 67 25 13 45 67
  9 25  8 25 50 50 10  7 26  5 34 90  1 51 50 10 11 10 50 35 35 35 11 50
 50 18  3 12 33 50  4 20 14 50  4 34 51 18 50 47  7 25 15 31 14 19 62 17
 50 50 35 39]
[14 25  3 25 43  2 50 25 25 25  0 25 33 25 55  5 25 43 25 81  1 15 29  3
 67  4 39 25 15 50 13 25 25 11 19 18 28 22 13 33 15 25 34 33 11  3 37 50
 37  3 17 25 69 63 20  6 25 25 67 25  7 51 50 34 20 16  8 45 11  4  8 50
 10 24 38 19 25 40 45 49  9 50 30  4 65 12 25 45 40 18 10 50 15 71 12 11
 33 27 27 46]
[17 33  2 14 16  0 25 25 35 19  5 64 25 10 16 19 25 69 25 20  3 25 25 35
 14 18 16 25 35 17 15 25 25  5  2 16 25  8 25 50  9 25 55 17 50  8 25 20
 14 67  4  4 39 80 16  1 41 75 54 20 11 50 34  1 96 10 25 50 22 20  2 16
 25 44 48  6 25 41  9 26  7 50 50 10  2 12 50 35 10 14 13 12 49 20  1 14
 42 22  1 20]
[ 5 25 25 50  8  4 25 75 25 25  6 18 33 28 25 14 50 28  1 25  8 25 50 15
  2  2 25 46 50 49 18 25 25 39 35 10 30 10 15 50 13 25 20 25 45  7 11 25
 14 16  9 50 53 20 20 11 10 13 50  1 12  5 32  8  8  0 25 32 23 38  1 17
 46 19 17  3 40 25 50 50 15 45 10 10 33 16  6 43 37 46 17 15 10 45 15 19
 29 60 12 29]
[ 7 25 25 41 50  6 41 54 19 25 10 25 51 10 20  9 25 10 25 25  8 31 25 29
 50  0 25 25 72 25  1  2 50 25 10 15 30 26 34  6  4 50 25 18  8  2  8 50
 77 20  5 35 75 35 28  3 50 25 35 30 11 51 50 34 45 12 50 30 19 50 16 25
 32 26 25 13 44 30  3  5 14 30 25 50 25 17 16 50  5 39 18  5 50 41 12 19
 15 25 50 25]
[ 2 25 25 25 12  5 25 25 25 50 19 45 25 25 15 12 47 36 38 25  4 35 40 25
 25  1 47 41 19 12 10 25 30 10 50 16 25 11 25 54  6 35  6 12 86 11 50 45
  8 75 18 25 16 10 68 13 50 82 30 25  3 10 37 39  7 17 23 52 37 37  8 25
 16 45 50  0 25 25 41 22  7 21 17 36 29  9 35 58 14 50 14 49 12 20  8 15
 50 30 10 25]
[18 25 28 10  4  4 25 25  2 39  5 25 63 60 32 15 25 10 25 25  2 50 40  7
 25  6 55 50 30 11 10 50 50 25 25  3 45 67 25 25  7 50 25  9 33 16 35 30
 25 50 17 33 39 39 25 13 25 37  9  3  8 30 25 12 16  1 25 25  7 59  9 37
 25  3 10 11 75 16 41 17 12 18 49 13 10  0 25 25 18  6 14 28 11 56 15 19
 40 10 11 79]
[ 0 44 25 16 25 10 50 34 15 61  6 25 59  8 14  5 25  9 16 50 16 25 50 17
 28 19 25 19 25 20 15 33 50 25 39 18 25 28 35 13  1  6 50 35 34  8 50 25
 56 25 17  7 25 14 50  4 25 25  2 15  7 17 44 68  7  3 25 37 15 16 14 50
 50 25 18  2 19 68  8  2  9 15 50 11 15 11 30 28 45 15 13 50 50 10 23 12
 72 18 13 50]
[ 5 69 10  3 25  4 50 50 14 25  6  7 43 62 31  7 34 13 16 25 17 25 69 55
  5 14 54 50 30 29 10 25 25 17 19 15 75  5 10 60  3 25 25 20  2 11 50 39
 31 32 16 50 39 33 30 18 45 25 39 16  9 25 66 25  5 12 46 15 10 69  8 21
 25 38 60  2 50 25  3 11 13 21 85 24 29  1 37 25  6 63 19 10 41  8 48  0
 50 25 19 63]
[ 2 50 25 25 25  5 25 41 25 75 10 50 25 87 10 17 39  2 11 55 16 25 44 49
 25  9 25 19 25 25 18 18 25 12 48  3 50 50 10 45 13 74  1  3  8  4 50 25
  9 45  7 25 50  4 20 15 25 26 35 45  8 26 50 48 20  0 25 25 45 42 14 25
 42 19 14  6 25 22 25 16 12 74 25 21 16 11 60 35 14  6 19 61 11 23 30  1
 50 25 10 20]
[ 8 25 25 14 25 17 69 33 11 28 15 61 33 24 25  5 25 11 25 16  0 50 25 11
 41 10 25 50 21 25  2 45 44 11 51  1 67 25 13 32  4 25 25 45 33 12 25 51
  8 25 11 25  9 25 25  7 25 50 39 25 13 13 50 50 28  9 20 25 56 70  6 50
 42 10 50 19 25 41 11 48  3 21 25 39  2 14 28 50 10 34 16 50 17 10 62 18
 50 33 10 20]
[10 25 26 25 65  9 25 25 52 70 19 25 25 28  6 11 20 25 17  6  8 25 17 25
 18 12 26 10 17 25 13 50  6 10  1  7 43 25  5  9  6 28 10 22 25  2 25 25
 75 25  5 63 35 45 20 18 50  4 10 16  4 56 25 28 26 14 25 50 59 20  3 75
 50 10 20 15 26 46  5 11  1 66 50 17  6  0 33 64 30 50 16 25 28 17 61 17
 10 69 28 14]
[ 5 50 25 75 10  4 25 39 50 25  6 23 35 25 12  3 25 46 35 49 10 42 25 13
 50  7 73 50 12 75  9 34 45 50 25  2 25 25 29 45 18 33 35  9 20 11 39  2
 38 10  0 28 25 25  2  1  3 50 20 17  8 50 50 19  3 15 25 57  5 32 12 40
 59 20 32 13 50 62 35 27 19  7 50 50 39 14 58 84 26 33 16 30 41 45  5 17
 58 46 10 18]
[12 25 15 25  8 10 66 24 15 41 11 46 25 44 25  0 25 38 60  2  9 40  5  5
 42  7 50 35 20  5  2 25 25 18 57  4 45 25 39 25  8 25 46 45  4  5 25 15
 25 93  1 37 40 23 55  6 46 50 14 20 13 25 13 88 15  3 19 25 50 14 14 50
 47 34 13 15 25 46 55  1 16 36 47  4  3 17 24 12 69 38 18 35 50 50 39 19
 50 15  3 74]
[ 5 50 50 10 45 11 25 25 77  3  0 44 45 25  2 12 25 45  4 50 10 43 51 45
 44  4 25 25 37 30  6 25 12 25 18  3 25 25 35 60  7  1 31 25  3  8 19 40
 42 11  9 33 45 51 44 17 25 50 25 17 13 15 28 16 12  2 50 65  1 25  1 50
 51 18 10 14  6  6 27  5 15 40 50 15  8 18 19 18 20 41 16 21 50 21 39 19
 19 69  8  8]
[10 25 55 11  4  5 25 25 20 14  4 25 25 59 63 15 25 14  2 13  2 50 61 25
 34 11 30 15 14 39  9 25 43 37 31 17 32 24 18 25 16  2 19 25 45  6 44 29
 13 10  3 40 88  1 50  1 25 45  2 54  7 50 50 10 45  8 41 20 19 50 18 20
 25 50 10 12 50 50 14 20 13 35 48 20 12 14 54 29 14 32  0 29 50 20 20 19
 50 16 34 19]
[ 5 25  4 18 45 10 75 49 10 43  1 31 35 12 75  9 25 50 25 25 11 50 37 20
 25 15 25  4 16 25 16 45 47 40 35  8 45 38 15 39  4 25 25 25 25 17 50 59
 16 30  6 43 35 11 12  2  8 42 74  4 18 31 69 13 20 14 69 64  9 10  3 50
 46 10  3 12 50 25 27 79  7 19 62 31 20 19 45 50 25 15 13 42 32 50 24  0
 43 50 23 46]
[ 1 25 25  8 50  5 25 43 30 16  2  3 75 25  8 13 25 25 25 10  4 25 25 50
 13  7 25 38 25 50 12 25 43 50 11  6 20 30 18 50 10 25 75 50 10  3  8 31
 17 31  8 25 46 46  8 19 50 25 23 64  9 36  1 11 52  0 50 25 10 15 11 15
 35 12 40 18 25 50  2 18 14 16 14  1 75 17 30 13 56 37 16 42 13  2  1 15
 25 69 69 20]
[ 8 49 25 25 70 10 25 10  7  5  1 37 25 59 25 14 25 69  5 10 19 45 50  2
 16 15 25 25 19 25 16 75 25 16 25  7 43 39 25 18  4 33 25 51 45 13 25 12
 24 15 11 75 25 19 25 17 16 29 24 23  9 39 25 11 44 12 45 50  7 20  0 30
 25 42 45  6 25 50 51 20  5 50 81 28 74  2  5 59 25 35 18 42 25 18 50  3
  5 50 12  3]
[10 50 25 46 25  8 27 74 25 15  5 25 25 25  8  4 25 25 20 25 12 50 25 12
 35  6 25 50  8 20 15 26 25 63 25 16 25 50 19 19 18 25 15 11 54  3 51 50
 17 12  9 50 25  6 13 11 34 50 25 17  0 25 25 65 19 13 36 50  6 43  2 25
 25 70 19  7  5 39 42  2  1 13 44 50 26 17  9 50 51 39 14 26 16 25 25 19
  4 48 44 41]
[ 4 25 39 21  1  5 25 28 25 18  6 46 25 25 25 10 25  7 25 12  3 39 25 21
 67 13 25 60  6 60 15 25 67  5 22  9 25 52 35  3 14 28 25  2  5 11 50  6
 35 49  2 25 35 49 35 16 52 47  6 32  7 50 50 35 10  8 50 47 10 25 17 23
 25 37 41 12 50 50 10 20 18 31 29 75  5 19  7 34 10 18  1 40 50 20 10  0
 46 25 15 32]
[15 41 25 25 25  1 31 25 39 25  0 25 25 32 41  7 31  9 19 10 12 34 73 25
 22 19 30 50 16 25 14 45 25 17  2 16 44 39 25 37  5 25 25 63 25 10 73 11
 12 36  9 25 18 10 50 18 25 18 25  3 11 36 47 11 37  4 35 25 49  1  3 28
 84 14 25  6 50 50 48 45  2 50 25 55  5 13 50 26 30 69  8 42 45 18 26 17
 34 50 55 16]
[ 1 25 50 25  5 10 25  6 17 50 16 48 25 25  3  5 54 44 25  7  0 50 25  2
  5  4 25 25 25  2 12 50 25 12 25  9 50 25 34 14  2 35 65 17 30  6 44 47
 19 19 15 53 25 30 25 11 71 39 14 31 19 28 11 22 44  3 17 25 43 25 17  7
 50 50 39  7 69 29 20 21 13 16 50 47 45  8  8 50  7 25 14 50 10 28 50 18
 22 69 97  2]
[ 5 25 25 25 73 14 34 28 16 10  8 25 21 15 50  4 25 25  9  8  6 20 59 20
 15  7 18 50 10 45 11 25 50 20 50 12 25 50 60 45  2 39 25 50 25 16 45 16
  8 25 15 25 50 35  1 13 55 42 64 50  3 44 50 21 28 10 50 29  7 66 17 25
 50 50 39 19 65 47 19  1  0 25 46 14 24  1 85 50 10 34  9 74 67 10 20 18
 40 50 18 17]
[10 25 50 14 25 15 35 49 45 32  3 25 98 10 45  5 25 75 10  8  9 25 37 25
 96 11 36 21 14 50  8 50 19 10 39 18 30 35 30  8  4 25 30 17 30 17 25 50
 50 39  0 25 69  6 45 14 50 31 25 25  6 50 25 20 25  2 25 38 69 26  1  2
 25 58 45 12 15  5 25  8  7 40 50 20 25 13 35 60  7 10 16 45 26  1 49 19
 74 38 10 51]
[ 5 25 25 34 25  4 25 25 58 65  8 25 25 35 35 16 25  4 25 68  7 25  9 25
 67  6 41 50 19 10 10 25 10 20 49  3 25 25 12 44 13 50 18 18  2  2 50 33
  1  3  1 50 25 20 16 12 50 25 50 45  9 33 45 50 50  0 41 25 44  6 15 25
 69 35 10 11 50 17 10 25 17 51 25  8 13 14 30 50 45  2 18 12 38 25  7 19
 25 30 20  9]
[ 5 25 77 25 25  4 25 25 33 25 18 25 69 60 20  0 31 25 36 25 14 25  8 12
 50  6 25 18 25 25  3 40 25 20 50  7 17 28 25 67  2 25 25  1 48  1 50 25
  9 48  8 16 12 12 18 15 25 13 25  2 10 50  9 37 41  9 37 11 40 50 11 25
 50 24  1 12 14 50 15 10 13 50 14 10 12 16  1 69 48 20 17 20 23 15 47 19
 50 11 34 62]
[ 0 50 45 13 47 10 40 11  3 18 12 25 10 25 25  5 43 47 42 12  1 75 25 25
 25 15 25 18 11  8 16 16  0 34 78  2  1 25 34 29  3 17 50 22 25  9 25 25
 26 70  4 49 25 35 19 11 50 41 18 24 13 19 55 59  3  8 25 30 35  8 17 75
 50  1 28  6 50 18 37 17  7 50 35 10 25 19 25 25 13 33 18 50 13 10 39 14
 55 50 29 18]
[ 5 25 34 25 25  4 25 25  7 25 10 25 20 60 38  0 25 50 15 29  2 25 25 59
 49  9 25 83 25 15 11 50 25 63 25 12 49 50 20 25  6 50 50 35 20 14 50  4
 10 17 15 44 13 10  1  3 49 50  8 25 18 25 50 43 39  7 50 29 25 41  1  5
 42 55  3  8 40 30  8 16 13 35 50 25 30 16 38 25 46 25 17 50 50 10 37 19
 33 20 25 15]
[16 25 28 25  9  5 25 69 50 25  4 25 50 25 14 15 25 25 12 25 14 25 20 25
 34  2 25 31 60  7 13 42 75 40  3 10 50 49 13 15  6 40 41 32  9  1 25 50
 37 16  9 50 47  8  9  3 10 38 25 25 17  2 50 33 10 11 28 49 28 24  8 25
 18 35  4  0 50 25 45 14  7  6 50 50 25 12 21 46 21 39 18 59 69 12 13 19
 36 33 42 50]
[10 25 13 16 25  5 75 52 10 11 18 25  5  6 34 15 33 25 25 50  2 25 43 25
 33  6 50 31 12 25 14 50 25  3 52  0 41 25  8 25 19  1 12  6 34 13 42 41
 41 25  4 25 32  2 96 12 50 25 13  1  3 25 74 27 21  1 19 25 36  3  9 27
 50 57 20 16 48 40 13 30 11  3 38 83 17  7 27 50 34  2 17 45 10  5 18  8
 50 50 10 18]
[ 0 45 25 48 25  4 25 25 59 50  5 25 50 10 59  8 50 25 10 25  6  3 64 25
 25  3 25 25 25  8  7 20 25 65 45  9 25 30 50 50 12 25 25 41 25 16 25 36
 18 15 15 25 29 35 50  2 50 34  9 18 14 38 35 12 39  1 10 50 13 20 11 25
 44 35 37 18 25 46 37 25 10 39 44 13 30 13 25 70 18 21 17  8 65 28 24 19
 27 19  3  9]
[ 5 25 25 16  6  1 25 35 15 37  2  5 25 18 25  4 25 25 10  2 17 25 69 25
  9  6 48 24 36 50 16 25 25 39 43  0 50 25 10 69 10 45  5 33 28  3 25 50
 50 25 12 25 29 25 41  7 49 45  5  9 15 25 41 31 13  9 25 30 33 55  8 19
 30 41 25 18 15 69 36 20 14 25 45 25 40 11 50 29  1 38 13 15 10 25 34 19
 39 40 34 49]
[ 5 25 47 15 50  4 25 36  4 25 11 50 44 25 25  3 45 53 15 42  0 39 25 25
 50 12 40 25 10 25  2 25 63 24 25 19 50 25 34 33  1 29 50 31 45  7 45 43
 17 25 18 41 25 25 28 13  6 50 50 20 16 62 50 23  8 10 40 16 45 25  6 70
 43  8  1  8 39 50 14 45 14 35 61 15 44 17 50 69 16 20 15 25 69 41 15  9
 50  6 22 25]
[ 3 25 37 45 58  7 50 25 10 25  0 25 34 25 51 16 25 25 18 50  5 25 40 25
 50  1 20 25 50  1 13 25 11 25 10  4 35 25 15 25 10 75  0 10 50  6 50 56
 17 17  2  1 26 42 18  8 50 50  6 50 12 25 48 13  2 14 21  5 29 62  9 50
  7 25 12 11 50 28 50 20 15 25  7 15 67 17 69 14  3 50 18 43 31 42 11 19
 51 28 10 50]
[ 5 25  7 15 25  4 25 25 48 38  6 10 62 25 25  3 40 25 20  6 10 25  6 20
 73  8 25 88  6 69  7 62 57 12 31  2 25 25 10 90 11 20 42 45 46  9 35 18
 49 75 12 30 50 24 20 13 31 43 39 20 15 48 43 37 17  1 50 25 10 33  0 40
 40 12 21 14 35 48 35 20 16 50 50 35  8 17 50 25 10 50 18 68 30 50 20 19
 18 18 14 18]
[ 5 25 15 25 17  4 25 33 59 28  9 25 30 50  3  2 50 25 45 25  6 35  1 11
 11 12 25 25 50  9 11 31 59 50 28  3 18 50 42 45  7 36 50  6 20 15 35  2
 15 25  8  7 45 11 25  1 46 25 39 39  0 50 25 31  2 10 50  5 25 35 13 25
 34 55 29 16 50 50 35 39 14 45 50 39 30 17 50 35 25 13 18 25 48 10 16 19
 14 20 31 69]
[10 25 50 25 45  5 59 25 50 14  8 75 50 10  4  3 25 45  5  1 16 48 25 25
 12 11 32 35 10 39 17 16 37 39 15  4 18 25  3 25  2 25 25 25 28 15 25 50
 61 29  1 50 25  5 12  9 50 20 34 58 12  8 40 15  3  0 25 25 56 16 14 50
 40 23 55  6 25 39 39 25  7 29 84 56 10 13 25 49  3 25 18 20 33 13 52 19
  8 60 50 29]
[15 25 31 59 25 10 70 25 15 48 16 49 42  5 25  0 25 25 25  7 17 19 25 25
  4  6 59 25 66 25  9 25 96 25 50  5 63 11 22 59 19 50 25 34 12  8 50 50
 20 20  4 62 25 22 84  2 50 35 35 11 11 50  5 25 50  1 52 25 33 28  3 52
 50 45 20  7 40 50 16 25 12 40 50  5 10 18 11 41 41 28 13 35 12 15 50 14
 50  3 12 16]
[ 0 25 50 25 50  5 50 26 15 25  2 25 25 41 50  1 41 25 19 21 16 39 25 25
 34  3 31 50 20 45  4 16 25 50 39 19 25 25 59 25  6 30  2 22 13  7  1 25
 24 58  8  7 30 24 23  9 37 19 43 69 15 55 37 19 50 18 25  9 25 10 10 25
 25  2 35 12 34 30 73 20 11 81 50 14 34 17 50 39 45 19 13 50 50 35 20 14
 50 43 34  3]
[ 9 50 25 17 32 10 25 25 45 25 11 25 50 60 10  1 28 25 63  1 16 25 25 50
  9  5 25 50 25 20  4 25 90 25 32  0 31 45 14 18  6 15  6  3 24 18 35 37
 44  1  2 50 26 84 15  3 66 41 50 28  7 63 79 22 48  8 50  3 16 42 17 48
 25 12 33 12 53 35 10 22 13 50 28 10 20 14 15 48  5 34 15 50  5 10 50 19
 25 50  5 39]
[ 0 25 29 25 60  1 20 25 10 50 14 25 41 10 25  2 11 25 18  9  4 25 25 50
 50 13 25 25  8 25 15 25 69  3 20 10 25 28  1 50  3 50 25 10  2  5 25 44
 58 29  9 34 30 50 25  6 48  8 74 34 11 50 25 25 35  7 13 42  7 10  8 45
 42 24  9 12 40 18 20 25 16 50 15 31 35 17 25 50 25 25 18 35  3 25 33 19
 50 69 34 20]
[ 5 40 25 50 25 15 25  3 12 50  3 25 25 30 25  2 25 50 87 11 10 46 15 39
  3 14 25 50 20 54  0 28 25 31 25 13 25 58 25 40  4 59 25  6 45  8 25 35
  1 68 11 40 20 10 25  1 14 50 13 10 16 60 30 35 20  6 55 50 22 56  7 50
 65 10 25  9 10 16 49 56 19 45 19 39  2 12 42 50  5 25 17 15 25 10 28 18
 50  7  1 49]
[ 5 25 20 25 25  4 25 25 25  7  8 43 25 20 19  9  2 52 25 25 14 50 33  5
 48  6 39 25 12  1 10 66 25 15 42 11 46 12  7 35  2 25 25 40 41  7 25 40
 47 39  3 35 25 22  9 15 25  8  3  4  1 25 67 11 48  0 50 25  3 25 12 45
 34 40 28 13 60 32 25 48 16 10 25 74 41 17 49 67 12  5 19 74 11 10 29 18
 26 35 44 42]
[ 3 25 50 25 15  1 25 28 16 25 10 25 12 25 18  2 37 25 11 50 15 25 60 10
 29 14 28  2 22 42  0 48 45 12 25 12 25 35 37  4 16 34 27 18 50  5 50 25
 11 96  4 34 66 25 10  9 50 45 25 45 11 26 44  8 62  7 25 13 12 45 13 37
 25 26  3  6 34 50 23 10  8 53 11 16 18 17 18 15 33 74 18 18 50 20 25 19
 51 67 25 22]
[ 5 31 33 25 50 18 40 59 44 25  1 25 25  1 45 16 50 25 50  1 10 45 38 40
 25 15 50 18 16  5  4 25 49 59 10  8 25 31 45 25  9 35 14 40 50  2  8 25
 23 41  6 25 25 50 45 11 50 25 23 25  0 46 25 14 12  7 50 73  6  1 14 40
 49  5 55 17  2 18 13 16  3 50 50 10 20 12 75 11 21 25 13 25 28 15 25 19
 49 39 25 20]
[15 25 12 12 45 10 37  2 13 63  5 50 25  4 50 16 12 20 38 46  9 25 50 59
 25 11 50 25 25 50 14 25 30 25 50  0 25 44 25 48  1 15 25  3  7  4 30 50
 54 45  8 25 25 25  3 12 40 50 11 25  3 50 25 67  7 13 16 75 10 20 18 45
 15 15 10  7 50 44 45 50  6 25  4 60 11 17 15 30 25 50  2 50 25 35 27 19
 35 35 20 10]
[ 5 25 12 19  5 12 26 28 10 31  8 59 25 12 25 15 39  8 11 12  3 25 38 10
 26 14 25 25 16 39 13 25  1 32 25 10 50  4 35 50  4 46 29 35 63 11 50 51
 11 12  6 75 40  2 16  9 22 50  9 20  2 25 25 20 19 19 74 34 10 50  1 28
 25 32 20 16 10 20 56 25 17 33 14  2 10  0 44 72 10 22 18 19 25  6 39  7
 50 25 44 21]
[12 25 79 25 25  9 25  8 10 75 13 56 38 29 11 19 46 25  1 46  5 44 50 39
 19 15 25 35 17 24 14 50 63 33  9 17 50  2 41 48 10 25 13 19 15  1 66 25
 10 33 18 25 50 56 25  4 64 25 19 25  8 50 25  9 30 16 48 50 12 11  0 50
 59  4  2  2 41 25  4 81  7 50 55 19 37 11 44 25 25 54  6 48 50  1 15  3
 10 55 35 45]
[ 5 25 17  6 25 16 25 15 25  2 17 74 25 51 20  2 25 66 18 20  4 25 35 20
 16  6 26 64  9 41 18 39 69 25 15 15 25 46 50 28  7  6 70 74 25  9 45 15
 39 50 14 25 12 20  2  3  9 25 20  8 13 25 50 32  1  1 25 75 28 25 19 29
 45 40 15  8 50 75 25 20  0 84 30 30 36 12 25 50 31 43 10 25 10 36 45 11
 50 50 10 45]
[11 25 15 16 10  0 25 30 10 11 10 35 19 15 17  5 50 95 25 45  8 50 50 33
  4  1 14 42  3 50  3 29 25 20 90 14 30 17 20 76 12 25 25 19 56  4 14 33
 16  1  6 50  1  2  9 19 25 48  4 41  7 40 25 24 23  2 20 25 39  4  9 50
 25 33 50 13 30 51 25 39 15 25 32 20 15 16 28 54 50 35 17 43 69 42 20 18
 50 45 10 25]
