[41 13 46  0 97 45 62 39 54 62 62 62 39 62 62 20 62 20 40 40 20 20 62 92
 20 20 40 98 45 45 45 45 45 45 45 45 45 45 45 45 98 45 62 45 45 45 45 45
 45 40 45 45 45 45 45 45 62 45 45 45 45 62 45 62 62 62 62 62 62 62 62 62
 62 62 62 62 62 62 62 62 45 62 98 62 90 61 62 62 62 40 62 90 20 20 35 35
 20 20 35]
[80 50 46 46 31 62 45 62 71 62 62 62 62 62 62 62 62 45 62 62 62 62 62 62
 31 62 31 62 40 40 11 11 62 62 45 45 45 62 62 62 92 62 62 62 62 62 62 20
 62 62 62 62 62 62 62 62 62 62 62 62 62 62 20 62 62 62 62 20 62 62 20 42
 62 20 62 62 98 62 98 62 62 62 62 62 62 62 62 98 98 98 62 62 98 62 20 42
 35 20 35 42 42 42 35]
[33 30 33  7  1 14 96 23 40 45 45 20 62 62 62 62 50 62 40 40 92 40 40 45
 62 90 92 92 40 92 92 92 62 92 62 40 62 62 40 98 98 98 98 98 98 98 45 52
 62 62 62 62 83 62 55 98 98 98 98 62 98 20 39 90 40 40 40 40 40 40 62 40
 40 40 40 40 40 40 40 40 40 40 40 40 40 40 40 40 40 40 40 40 40 40 40 40
 40 40 40 62 40 62 40 44 20 98]
[ 8 16 68 62 62 39 62 62 62 62 62 62 62 62 62 62 62 62 62 62 62 62 35 62
 62 62 62 62 62 62 62 62 62 62 62 45 62 62 62 62 62 62 62 62 45 20 62 93
 92 89 40 40 62 90 45 89 40 92 92 92 92 92 92 92 92 45 40 89 45 62 40 40
 40 45 83 62 45 45 45 83 45 62 62 40 62 62 62 92 44 92 49 40 40 49 49 42
 42 35 35 35 35 35 35 35 35 35 20 35 35 35 35 35 35 35 35 20]
[38 24 41 45 62 62 39 62 62 62 62 62 62 62 62 45 62 62 62 62 62 62 62 45
 62 62 62 62 20 20 62 62 98 40 40 40 40 40 40 40 40 40 40 40 62 40 40 40
 40 40 40 40 40 40 62 62 40 62 40 40 92 89 62 40 40 42 42 62 42 62 62 42
 62 42 62 62 42 62 62 62 62 62 62 62 62 62 62 62 62 62 62 62 62 62 62 62
 62 62 62 62 62 62 40 62 35 62 35 62 62 62 62 62 62 35 62 42 42 42 42 62
 35 35 35 35 35 62 42 42 42 42 62]
[42  0 32 62 62 62 45 35 62 45 62 20 62 62 62 20 62 92 40 11 11 40 11 11
 42 62 62 62 62 62 62 62 62 20 62 11 11 11 11 20 45 11 11 62 62 62 62 62
 62 62 62 62 62 62 62 11 62 62 62 62 62 62 62 62 62 62 62 62 62 62 62 62
 62 45 11 62 11 11 62 62 62 62 62 11 62 20 62 62 62 20 62 62 40 62 62 40
 62 62 62 62 62 62 62 62 62 62 62 62 62 62 62 62 62 62 62 62 35 35 62 62
 62 62 62 62 62 62 62 62 62 62 90]
[21 86 45 11 20 23 45 92 54 45 45 62 62 62 93 62 40 40 40 40 45 40 40 40
 40 40 40 40 40 40 40 40 40 40 40 62 40 89 55 62 45 62 11 98 98 55 40 55
 45 45 55 55 45 98 55 55 55 55 55 55 55 55 55 55 40 55 40 40 90 40 98 40
 40 40 40 62 40 62 20 20 20 20 20 20 20 20 20 20 20 20 20 20 44 20 20 20
 20 20 20 20 20 20 20 20 20 20 20 20 20 20 20 20 20 20 20 20 20 20 20 20
 20 20 20 20 20 20 20 20 44 20 20 20 20 44]
[ 8 27 59 93 62 62 62 62 35 62 62 62 62 35 62 62 62 62 62 62 62 62 62 62
 62 62 62 62 62 20 62 62 62 62 62 62 62 39 20 62 93 92 40 40 40 40 40 40
 40 40 40 40 40 40 40 40 40 40 40 39 40 40 40 40 40 40 62 42 40 62 62 62
 45 62 92 89 62 62 42 42 40 42 42 42 42 42 42 42 42 42 42 42 42 42 62 62
 42 62 62 62 62 42 62 62 62 62 62 62 62 62 62 62 40 35 62 62 35 35 35 35
 35 35 42 35 35 35 35 35 35 42 35 42 35 35 35 35 35 35 35 35 35 35 35 42
 35 42 42 35]
[50  1 46 14 19 62 62 62 62 62 62 71 62 62 62 62 62 62 62 71 62 62 62 62
 20 20 62 62 71 40 40 62 40 40 62 62 40 62 92 62 44 45 62 62 62 62 62 92
 62 44 62 62 62 44 62 62 44 62 62 62 62 44 62 62 62 40 62 62 62 62 62 62
 62 62 62 62 62 62 62 62 62 62 62 62 62 62 62 62 62 62 62 62 62 62 62 62
 62 62 62 62 62 62 62 62 62 62 62 62 62 62 62 62 62 62 62 62 62 62 62 62
 62 62 62 44 98 40 40 90 40 44 40 90 35 20 35 20 20 20 20 20 20 20 20 20
 20 20 20 20 35]
[27 39 43 91 62 62 62 35 92 62 62 54 62 45 62 62 62 62 62 62 62 20 62 62
 92 40 40 62 40 40 40 40 40 40 40 40 40 40 40 40 40 40 40 40 40 62 62 40
 62 62 62 89 62 62 62 62 62 92 62 62 62 62 62 62 62 62 20 62 62 62 62 62
 62 62 62 62 11 11 20 62 62 62 62 62 62 62 62 62 62 62 11 62 42 11 62 62
 40 40 40 62 62 62 62 62 62 62 62 62 62 62 62 62 62 62 62 62 62 62 62 62
 62 35 40 62 40 40 62 40 62 62 62 62 62 62 62 62 62 62 62 62 62 62 62 62
 62 35 62 20 62 62 42]
[43 71 45  0 45 45 45 45 62 11 54 54 62 62 62 62 62 62 62 62 62 62 62 62
 62 62 62 62 62 62 62 62 62 31 20 62 71 98 40 40 62 40 42 62 62 62 62 62
 62 62 62 62 62 62 42 62 66 62 45 11 44 92 62 62 62 40 62 40 62 62 62 62
 44 62 62 62 62 45 62 40 62 40 62 62 61 40 62 40 40 40 40 40 40 40 40 40
 40 40 40 40 40 40 40 40 40 40 40 40 40 40 40 40 40 40 40 40 40 40 40 40
 40 40 40 40 40 40 40 40 40 40 40 40 40 40 40 40 62 62 40 62 35 35 35 35
 35 35 35 35 35 35 20 35 35 35 35 35 35 20]
[54 40 45  8 62 45 62 45 62 62 62 62 62 62 62 54 62 62 62 62 62 62 62 62
 62 62 54 62 20 62 92 40 62 40 62 62 62 62 40 62 62 45 40 62 11 62 62 40
 62 44 62 62 62 62 62 62 20 62 62 62 62 62 62 62 62 62 62 62 62 62 62 62
 62 62 62 62 62 62 90 98 55 62 40 62 62 62 62 62 62 62 62 62 62 62 62 62
 62 62 62 62 62 62 62 62 62 62 62 62 62 62 62 62 62 62 62 62 62 62 62 90
 62 62 62 90 90 62 90 62 62 62 62 62 62 62 62 62 62 20 62 62 62 35 62 62
 62 62 62 62 62 35 62 62 62 62 62 62 62 35]
[14 15 52 45 93 39 35 35 35 35 35 62 62  0 45 62 20 39 62 92 40 42 40 40
 40 40 42 62 40 50 40 62 45 40 40 62 40 62 62 62 62 62 62 40 62 62 62 62
 62 62 62 62 62 62 62 62 62 62 62 62 62 45 62 62 62 62 62 62 62 62 62 62
 62 62 62 62 62 42 62 62 62 62 62 62 62 62 62 62 62 62 62 62 62 62 62 62
 62 62 62 62 62 62 62 62 62 62 62 62 62 62 62 62 62 62 62 62 62 62 62 40
 42 40 62 20 62 62 62 62 62 62 62 62 62 62 62 62 62 62 62 62 62 40 62 35
 40 40 40 62 62 35 62 35 35 35 35 20 62 62 35]
[41 52 92 20 20 39 20 62 62 62 39 62 31 62 62 62 62 62  0 93 62 40 62 40
 40 40 62 62 45 45 62 45 62 62 62 62 62 62 62 62 62 62 62 62 62 62 62 89
 62 62 62 62 62 62 62 62 62 62 45 20 62 62 99 62 62 62 62 62 45 62 62 62
 62 62 62 62 62 62 62 62 62 62 62 62 62 62 62 62 62 62 62 62 62 62 62 62
 62 62 62 62 62 62 62 62 62 62 62 62 62 62 62 62 62 62 62 62 62 62 62 62
 62 62 62 62 62 62 42 62 62 62 62 62 62 40 62 62 62 62 61 62 90 90 90 90
 90 90 90 90 90 90 90 61 90 62 62 90 42 42 49 35 42 35 42]
[ 9 13  1 71 35 71 11 35 54 35 35 45 83 93 71 71 71 71 40 40 40 40 40 40
 40 40 40 92 40 62 40 40 40 62 62 62 62 62 62 62 62 62 62 62 62 62 62 40
 62 98 98 11 98 62 11 11 62 62 35 62 35 62 62 62 62 62 62 62 62 62 62 62
 62 62 62 62 62 62 62 62 62 62 62 62 62 62 62 62 62 62 62 62 62 62 62 62
 62 62 62 62 62 62 62 62 62 62 62 62 62 35 62 62 62 62 62 62 62 62 62 62
 62 62 62 62 62 62 62 62 62 62 62 62 62 62 62 62 35 62 62 88 62 35 35 88
 88 88 88 88 88 88 88 88 62 62 88 88 88 88 35 35 35 35 35 88 55 35]
[34 44 35  6 50  5 45 45 45 45 45 44 62 54 62 62 62 62 53 62 62 62 62 62
 62 62 93 62 92 40 42 40 40 62 62 62 62 62 62 40 62 62 62 62 62 62 62 62
 62 62 62 62 62 62 62 62 62 92 44 92 11 92 40 11 44 62 92 92 61 62 62 62
 62 62 62 62 62 62 62 62 62 62 62 90 98 62 55 55 55 62 62 62 62 62 62 62
 62 62 62 62 62 62 62 62 62 62 62 62 62 62 62 62 62 62 62 62 62 62 62 62
 62 62 62 62 62 62 62 62 62 62 62 62 62 62 62 62 90 62 90 90 98 35 35 40
 35 35 35 35 35 35 35 35 35 62 35 35 35 35 35 35 35 35 35 98 35 90 90 35]
[12 94 45 55 35 35 45 62 62 35 35 62 62 62 62 62 62 62 62 62 62 62 62 62
 62 62 62 62 62 62 62 62 62 62 62 62 62 62 62 62 62 62 62 62 62 62 62 62
 62 62 62 62 62 62 62 62 62 62 62 62 62 62 62 62 62 62 62 62 62 62 62 62
 62 20 62 62 62 62 62 62 62 62 62 62 62 62 62 62 62 62 62 20 62 92 40 40
 40 20 40 40 62 11 62 62 62 62 62 62 62 62 62 42 62 92 11 11 11 11 11 11
 11 11 11 11 11 11 11 11 11 11 92 62 20 20 20 62 11 11 20 98 62 98 62 62
 40 40 40 40 40 40 40 40 62 20 20 20 20 20 20 20 20 20 20 40 20 20 20 62
 20 40 62 20  0 62 20 61 20 42]
[33 34 72 20 62 39 35 62 62 62 62 39 62 62 62 62 62 62 62 62 62 62 62 62
 39 62 62 62 20 62 62 62 62 62 62 62 98 40 40 40 62 40 40 40 40 40 40 40
 62 62 40 40 62 62 62 62 62 62 45 11 62 40 62 62 40 11 62 62 62 62 62 62
 62 62 62 62 62 62 62 62 90 62 62 62 62 62 62 62 62 62 62 62 62 62 62 62
 62 62 62 62 62 62 62 62 62 62 62 62 62 62 62 62 62 62 62 62 62 62 62 62
 62 62 62 62 62 62 62 62 62 62 62 62 62 62 62 62 62 62 62 62 62 62 62 62
 62 62 62 40 62 40 62 62 62 62 40 62 62 62 40 62 62 62 61 90 40 40 90 40
 35 35 35 35 35 35 35 62 35 35 90]
[36 78 45 44  8  0 62 62  0 62 62 62 62 62 62 62 92 62 62 20 20 62 62 92
 40 62 40 62 62 62 62 40 45 92 92 92 92 92 92 92 92 92 92 92 92 92 92 92
 92 92 92 92 92 92 92 92 92 92 92 92 92 92 92 92 92 92 92 92 92 92 92 92
 92 92 92 92 92 92 92 92 92 92 92 92 92 92 92 92 92 92 92 92 92 92 92 92
 92 92 92 92 92 92 92 45 92 62 62 62 62 62 92 40 40 40 42 42 45 62 62 62
 62 62 62 62 62 62 62 42 62 62 62 62 62 62 62 62 62 62 62 62 62 62 62 62
 62 62 62 62 62 62 62 62 62 62 45 62 62 62 62 62 62 62 40 62 98 92 61 61
 98 61 35 40 35 35 35 35 35 35 20 98 35 42 35]
[68 45 45  8 45 45 45 62 62 62 62 62 62 31 62 62 62 62 62 62 62 62 62 62
 62 62 54 62 62 62 62 62 62 62 62 62 62 62 20 62 62 62 62 62 62 62 62 62
 62 62  0 62 62 62 62 62 62 62 62 92 62 40 40 40 40 62 62 40 62 40 62 45
 40 62 45 62 62 45 62 62 62 62 62 62 62 62 62 62 62 62 62 62 45 62 62 42
 62 62 62 62 62 62 62 62 62 62 45 62 62 62 45 62 62 62 62 62 62 62 62 62
 62 62 62 62 62 62 62 62 62 45 62 62 62 62 62 62 62 62 62 62 62 62 62 62
 62 62 62 62 62 62 62 62 62 62 62 62 62 62 62 62 62 62 62 62 62 62 62 90
 90 90 62 90 62 62 62 62 90 42 20 62 20 62 42]
[60 71 92  0 20 20 20 20 39 62 62 62 62 62 62 62 62 62 62 62 62 62 62 62
 71 62 62 62 62 44 62 62 62 31 62 62 62 31 62 62 62 62 62 62 98 40 11 40
 62 62 62 62 62 62 62 62 62 45 31 45 62 62 62 62 62 45 62 62 62 62 62 62
 62 62 62 89 62 62 45 62 62 62 62 62 62 62 45 62 62 62 62 45 62 45 45 62
 62 62 62 45 62 62 62 62 62 62 62 62 62 62 62 62 62 62 62 62 62 62 62 62
 62 62 62 62 62 62 62 62 62 62 62 62 62 62 62 62 62 62 62 62 62 62 62 62
 62 62 62 31 62 62 62 45 62 62 62 62 90 40 40 40 40 40 40 40 40 40 40 40
 90 62 42 62 20 35 35 35 35 35 35 35 35 35 35 62 62 42]
[15 53 54 92  8 62 62 62 62 62 62 62 62 62 62 62 62 62 62 62 62 62 62 62
 62 71 71 62 62 62 62 62 62 62 62 62 62 62 62 62 62 62 62 62 62 62 62 62
 62 62 62 62 62 62 62 62 62 62 62 62 62 62 62 62 62 62 62 62 62 62 62 62
 62 62 62 62 62 62 62 62 62 62 31 62 62 62 62 62 62 62 62 62 62 62 62 62
 62 20 62 62 92 40 40 40 40 62 40 40 40 62 62 20 62 62 62 62 62 62 89 62
 62 62 62 92 11 62 62 62 62 62 62 62 62 62 62 40 62 62 62 62 62 62 62 62
 40 62 62 62 42 62 62 62 42 62 62 62 62 62 62 42 62 62 62 62 62 62 62 62
 62 62 40 62 98 62 62 90 40 90 90 40 62 90 35 20 35 20 49 35]
[41 43 40 62 62 62 39 62 62 54 54 62 62 62 62 62 62 62 62 62 62 62 20 62
 62 62 62 62 20 62 62 62 62 92 40 40 40 40 40 40 40 40 40 40 40 40 40 40
 40 40 40 40 40 40 40 40 40 62 40 40 40 40 40 40 40 40 40 40 40 40 40 40
 40 40 40 40 40 40 62 11 40 62 62 62 62 62 62 62 92 62 62 62 62 62 92 11
 62 62 42 11 11 11 11 11 11 11 11 11 11 11 11 11 11 11 11 11 11 11 11 11
 11 11 11 11 11 11 11 11 11 11 11 11 11 11 11 11 11 62 62 11 11 11 62 11
 11 11 11 11 11 11 11 11 11 11 11 11 11 11 11 62 62 11 40 98 35 62 62 62
 62 62 62 62 62 62 98 35 62 62 90 98 44 35 35 35 35 35 62 35 35 35 35 42]
[70 44 68  0 46 45 62 62 62 45 62 62 62 62 62 62 62 62 62 62 62 62 62 62
 62 62 62 62 62 62 62 62 62 62 62 31 62 62 62 45 62 62 62 62 62 62 62 62
 62 62 62 62 62 62 62 62 62 62 62 62 62 62 62 62 62 62 62 62 62 62 62 62
 62 62 20 62 62 62 62 62 62 40 62 92 42 62 62 40 62 62 62 45 62 62 62 62
 62 45 62 62 83 45 62 62 62 62 62 62 45 62 62 62 62 45 62 62 42 62 62 62
 62 62 62 62 62 62 62 62 62 62 62 62 62 62 62 62 20 62 62 62 62 62 62 45
 62 45 62 62 62 62 62 62 62 62 62 62 62 62 62 62 62 62 62 62 62 62 62 62
 62 62 62 62 62 62 62 62 62 62 62 62 62 62 62 62 98 62 62 90 62 40 62 42
 42 20 20 20 42 42 20]
[54 71 45  0 45 39 62 62  0  0 62 62 20 62  0 92 92 92 92 92 92 62 40 62
 62 62 45 62 62 62 62 62 62 62 62 62 62 62 62 62 62 62 62 62 62 62 62 62
 62 62 62 62 45 62 62 62 45 62 92 42 92 92 45 40 40 45 45 45 62 62 62 62
 62 62 62 62 62 62 62 62 62 62 62 45 62 62 62 62 62 62 62 62 62 62 62 62
 62 20 62 62 40 62 62 62 62 62 62 62 62 62 62 62 62 61 62 90 90 98 62 62
 62 62 62 62 62 62 62 62 62 62 62 62 62 62 62 62 62 62 62 62 62 62 62 62
 62 62 62 62 62 62 62 62 62 62 62 62 62 62 62 62 62 62 62 62 62 62 62 62
 62 62 62 62 62 62 62 62 62 62 62 62 62 62 62 62 62 62 62 62 62 62 40 62
 62 40 20 62 35 35 35 62 35 42]
[76 50 45 45 45 46 62 62 62 45 62 45 62 62 62 62 62 62 62 62 62 62 62 62
 62 62 62 62 62 62 62 62 62 62 62 62 62 62 62 62 62 62 62 62 62 62 54 62
 62 62 62 62 62 62 62 62 62 62 62 62 62 62 62 62 62 62 62 62 62 62 20 62
 20 62 62 62 62 92 40 62 40 40 40 62 62 40 62 62 62 40 62 62 62 62 62 62
 62 62 62 62 62 62 62 62 62 62 62 62 62 62 62 92 11 62 62 62 40 11 42 62
 62 62 62 62 62 62 62 62 62 62 62 62 62 62 62 62 62 62 62 62 62 62 62 62
 62 62 11 62 62 62 62 62 62 62 62 62 62 62 62 62 62 62 62 62 62 83 62 62
 62 20 62 40 62 62 40 98 90 90 62 40 62 62 90 20 35 35 35 88 90 90 90 90
 90 90 90 90 90 90 90 90 90 90 35]
