[ 1 51 50 25 41  5 25 27 26 50  4 50 25 10 30  9 25 32 50 31  0 25 38 52
 32  6 24 46 25 31  3 94 68 25 97  7 14 50 25 25  2 41 25 99 43  8 50 10
 10 40]
[ 5 39 44 25 25  4 32 50 25 25  2 25 25 78 25  3 25 51 25 97  0 50 59 11
 23  6 29  5 25 74  7 50 85  2 25  8 68 31 17 24  1 50 46 10 43  9 50 38
 45  4]
[ 4 48 45  3 50  2 34 45 51 35  0 25 39 42 51  5 16 70 50 25  3 50 75 25
 20  1 32 71 37 44  6 34 35  8 25  7 39 50 75 20  8 25 25 23 38  9 79  0
 25 67]
[ 3 42 25 77 60  5 25 75 67 20  4 25 29 16 37  2 25 25 52 25  0 25 51 41
 14  6 27 18 41 57  1 52 50 10 42  9 83 50 21 25  7 33 40 21  6  8 25 25
 33 76]
[ 2 45 25 85 22  5 75  8 45 29  3 50 47 67 48  9 69 60 25  3  0 63 95 57
 10  1 65 25 15 25  4 53 29 20 21  6 65 37 20 50  7 50 93 53 50  8 71 25
  7  2]
[ 7 25 58 22 72  0 25 25 49 60  5 75  5 10 83  4 25 40  9 80  9 50 50 45
 51  8 50 58 25 21  6 50 25 13  3  3 25 50 72 10  2 50 31 10 20  1 39 34
 16 95]
[ 0 25 25 33 25  8 75 19 10 94  1 19 71 35 24  6 25 35  4 36  2  3 42 76
 29  3 66 73  2 75  4 25 50  1 45  7 56 20  8 43  9 72 33 64 25  5 50 90
 22 35]
[  0  63  29  13 100   4  25  73  38   5   3  39  73  33  22   5  42  30
  45   5   9  25  39  58  20   2  25  25  84  48   6  25  59  60  25   7
  50  50  69   5   8  42  33   9  23   1  50  50  10  25]
[ 8 51 50 34 25  4 59 25 10 55  5 34 75 93  1  7 25 50 13 25  1 25 50 58
 20  6 50 50 10 25  3 51 25 36 47  0 39 60 20 80  2 48 25  7  4  9 50 31
  9 57]
[ 3 25 25 50 43  5 58 25  1  6  4 45 25 45  9  2 50 25 10 70  0 25 80 92
 60  6 47 56 38 25  1 75 53 10 25  9 89 36 50 39  7 50 25 69 50  8 41 50
 83 35]
[ 3 36 25 83 58  2 44 64 25 31  5 75 50 10 25  4 66 58 21 37  6 50 50 35
 67  7 50 38  3 77  8 50  8 10 65  9 37 50 48 75  1 42 50 25 53  0 25 31
 46 67]
[ 0 42 25 25 70  1 50 25 29  4  5 25 50 60 45  7 50 81 34 49  2 52 25  2
 51  4 32 42 10 48  6 50 31 44 38  3 51 56 50 20  8 25 49 22 72  9 20 50
 71  4]
[  5  25  53  56  25   0  56  36   8   2   4  50  59  10  36   1  12  38
  53  58   6  46  25   5  67   3  36  25  83  12   9  80  47  50   8   8
  55  50  60   6   2  30  34  25  36   7 100   8  19  48]
[ 5 50 62  8  8  9 53 25 25 77  1 25 58 54 49  3 25 25 66 25  4 25 20 25
 51  7 42  8 23 44  6 44 48 20 75  8 25 72 48 36  2 44 41 16 35  0 50 25
 64 33]
[ 9 90 25 55 25  8 80 25 25 25  7 25  8  1 25  6 59 33 58 25  5 73 61 10
 50  0 75 37 10 78  4 25  5 47 25  3 53 25  9 43  2 25 25 63 28  1 50 67
 44 39]
[ 5 39 48 46 47  6 50 72 22 55  4 25  7 25 50  2 43 44 42  9  0 50 25 25
 25  1 15 50 63 25  3 50 50 61 45  7 25  8 25 64  8 25 25 49 75  9 55 50
 30 25]
[ 8 25 64 60 50  2 25 25 39 50  4 25 25 25 60  0 25 25  4 28  5 15 69  1
 40  6 67 25 25 25  3 29 25 56 45  1 49 56 11 67  7 20 30 12 25  9 50 53
 82 20]
[ 0 25 52 56 43  2 25 25 29 46  8 66 23 19 98  5 50 25 10 49  4 25 71 41
 59  1 46 25 14 39  3 24 59  9 36  6 39 45 20 40  9 50 31 20 45  7 25 59
 25 15]
[ 6 75 75 25 41  5 25 44 76 23  7 31 10 19 61  4 25 50 35 45  3 50 25 69
 88  2 25 25 60  3  8 25 50 52  4  1 25 25 35 43  9 42 46 49 57  0 50 67
 10 28]
[ 4 56 25 37 25  3 68 50 50 51  0 25 25 97  5  2 42 53 61 42  1 57 30 25
 23  5  2  6 19 73  6 25 50 60 80  7 50 56 69 25  8 43 34 42 23  9 50 21
 10 69]
[ 9 59 50 25 48  8 65 25 94 25  7 72  1 47  3  0 50 42 28 53  5 25 50 58
 20  6 88 31 25 25  4 50 50 10 76  2 75 25 20 25  3 25 90 28 25  1 76 29
 34 61]
[ 2 25 25 62 25  3 15 57 25 25  9 25  1 25 25  8 59 26 57 25  6 26 12 24
 47  7 31 37 88 77  4 25 54 23 49  5 51 25 10 13  0 38 53 39 38  1 42 29
 18 31]
[ 4 39 46 46 25  5 75 68 10 32  3 40 25 75 70  6 50 87 86 42  7 49 50 20
 37  8 25 50 50 56  2 25 41 47 64  0 25 53  4 72  9 40 29 35 40  1 46 66
 14 25]
[ 3 29 53 90 42  9 25 25 29 66  1 75 25 30 25  0 25 50 33 43  4 25 48 33
 47  2 28 25 12 50  5 23  3 40 67  6 28 30 36 22  7 29 50  1 92  8 25 50
 35  9]
[ 2 50 31 35 25  9 42 31  1 47  4 75  1  3 41  8 67 13 10 91  5 42 56 43
 20  6 61 11  8 84  3 50 25  1 42  7 39 59 21 50  1 43 50 42 45  0 49 73
 25 30]
[ 0 53 50 32 35  1 50 40 35 42  5 25 40 20 40  8 25 44 16  8  6 32 37 50
 20  2 50 25 96 25  7 47 25 31 50  3 88 56 31 85  4 50 40 10 66  9 34 35
 67  1]
[ 7 43 76  9 25  9 25 75 81 25  8 75 44 31 31  3 25 25 25 40  6 25 44 54
 32  5 48 31 12  2  4 75 65 20 24  2 25 66 78 23  1 50 25 45 13  0 51 25
 34 51]
[ 8 25  4 25 34  6 36 29 27  4  2 25 39 20 35  7 28 25 34  8  0 25 50 60
 44  3 16 50 25 20  9  8 49 58 35  1 50 66  3 29  5 39 56 28  9  4 50 74
 84 20]
[ 5 25  2 11 80  0 25 25 70 22  8 39 25  6 16  4 25 63 14 33  6 39 61 46
  1  7 50 25 55 47  1 36 50 49 22  2 50 25  3 76  3 39 42 36 25  9 70 50
 43 36]
[ 0 50 25 47  8  7 25 72 34 83  1 25 33 56 62  2 46 42 39 42  9 66 54 29
 51  5 25 50 54 49  4 50 43 10 52  6 44 50 73 22  8 25 76 54 58  3 50 25
 39 65]
[ 5 75 87 23 63  9 25 11 53 31  7 49 25  7 36  6 70  0 15 25  1 44 81 66
 20  4 50 71 10 24  3 50 50 52 20  8 50 50 41 45  2 60 61 10 20  0 25 86
 35 25]
[ 8 30  5 20 25  5 31 51 50 33  1 25 25 17 71  7 25 67 61 40  4 50 69 16
 50  6 50 25 44 42  0 25 69 35 26  2 25 25 53 31  3 43 50  9 20  9 51 55
 44 22]
[ 1 50 25 97 25  8 62 47 14 48  5 48 38 22 57  0 25 25 60 58  2 69 50 16
 65  3 50 75 56 20  7 52 50 42 62  6 35 48 34 13  4 53 38 30  8  9 41 51
 39  8]
[ 5 61 44  6 25  6 75 25 46 25  0 75 25 94 25  8 62  3 34 47  3 84 25 10
 45  2 57 64 18 90  7 50 50 67 59  4 52 65 10 75  1 10 25 30 46  9 54 71
 49 63]
[ 8 57 53 20 44  1 67 25 44 25  7 25 59 75 25  5 29 46 24 25  9 42 26 53
 62  4 25 61 37 37  6 18 49 42 22  2 69 50 16 54  3 50 39 53 41  0 25 81
 39 25]
[ 2 50 75 96 20  6 75 70 29 87  3 25 25 47 21  1 25 98 25 98  5 50 74 60
 11  4 31 23  9 70  0 40 50 71 30  7  2 39 13 32  8 25 51 35 72  9 53 40
 57 35]
[ 2 75 29 25 15  4 25 25 99 25  1 25 25 78 40  0 42 50  8 20  8 60  9 19
 63  7 25 78 20 75  9 44 49 51 85  3 33 44  8 79  5 44 50 41 44  6 58 29
 10 49]
[ 1 51 46 34 42  0 25 87 20 99  5 30 39  4 70  2 50 50 34  1  9 50 22 25
 34  6 50 29 25 46  8 55 67 67 67  3 49 25 46 70  7 40 68 39 89  4 45  6
 41 12]
[ 3 84 56 35 59  9 50 40 70 25  2 25 77 10 53  7 25 10 59 50  5 36 25 24
  8  8 25 45 48 89  6 41 65 49 20  4 44 25 27 65  1 83 25 42 30  0 84 50
 29 20]
[ 6 37 39 28 49  9 35 67 83  3  1 48 25 51 15  8 49 25 47 42  0 25 51 48
 44  3 82 59 37 39  7 30 62 53 50  2 24 44 56 40  5 25 50 47  8  4 33 54
  8 68]
[ 5 25 75  1 50  2 75 25 25 20  7 30 53  3 67  9 58 63 42 71  4 25  1 25
 42  8 25  7 36 21  3 52 45 29 51  6 55  1 32 52  0 50 27 50 20  1 31 73
 43 40]
[ 5 25 25 14 62  8 64 92 83 42  2 25 54  9 59  9 46 25 51 59  0 68 37 17
 24  3 14 37 43  6  4 25 50 20 92  6 34 50 51 20  1 50 25 34 29  7 50  1
 69 69]
[ 1 46 75 82 20  6 25 50 25 11  8 25 42 60 35  3 72 56 47 13  5 35 48  9
 25  2  1 25 16 50  0 25 39 46 12  4 30 25  8 46  7 32 63 73  4  9 58 16
 29 79]
[ 1 34 25 77 25  0 50 64 61  1  2 41 50  8 31  3 37 50 43 22  9 62 38 55
 30  5 67 39  5 20  4 25 25 29 70  6 37 36 36  2  7 43 27 76 11  8 25 50
 49 11]
[ 5 75 25 25  8  9 50 48 90  1  6 54 73 52 20  4 25 68 97 10  3 25 46 58
  2  1 25 25 36 88  2 31 46 29 24  7 48  7 71 19  8 25 33 60 31  0 25 89
 35 23]
[ 4 75 25 42  8  2 25 25 50 45  1 50 50 10 20  5 25  8 15 20  7 25 70 54
  8  8 25  3 91 47  6 46 33 27  3  0 25 25 70  6  3 75 25 11 69  9 35 50
 91 20]
[ 5 25 29 98 21  4 27 51 37 44  2 37 25 57 25  6  6 50 50 29  3 53 50 66
 45  7 52 67 67  4  1 50 25 17 49  0 75 54 10 20  8 25 50 60 70  9 65 47
 42 53]
[ 7 25 75 34  1  4 50 25 26 33  6 88 25 38 50  5 92 25 31  3  3 43 25 25
 45  0 25 25 50  7  2 25 37 39 33  8 50 13  8 71  9 25 37 76 79  1 50 74
 43 53]
[ 5 47 54 38 25  2 25 25 34 51  0 69 47 16 52  3 25 25 51 10  4 29 44 14
 50  9 51 34 36 25  7 25 71 50 39  8 38 49 48 72  6 50 36 25 35  1 50 26
 10 16]
[ 8 25 90 53  7  0 46 48 18 47  9 22 64 59 26  7 25 21  1 40  5 75 25 20
 16  1 75 50  5 20  4 94 43 26 44  3 86 29 25  2  2 46 35 97 31  6 50 41
 10 70]
[ 1 75 25 94  4  0 50 25 52 20  3 97 32 22 77  8 45 50 40 71  7 25 81 43
 51  5 51  9 34 20  6  6 42 58 39  2 92 73 23  4  9 50 36 36 10  4 25 25
 51 70]
[ 0 25 25 70 25  2 25 25 56  1  1  5 50  8 25  5 28 25 66 21  7 30  8 10
 50  3 40 50 64 97  6 43 50  4 43  4 65 82 20 58  8 25 37 40 50  9 93 78
 96 29]
[ 6 25  4 15 37  1 25 25 85 24  4 75 65 10 92  5 50 28  8 67  9 50 65 41
 69  3 25 67 12  3  8 65 74 10  4  2 50 62 10  9  0 75 49 20 24  7 71 40
 25 62]
[ 9 25 42 29 38  8 25 37 35 25  4 74 50  8 33  0 25 25 50 66  7 26 25 23
 74  5 63 50 22 87  2 25 25 50  3  1 40 51 25 44  6 50 71 11  9  3  2 40
 29 30]
[ 5 25 62 60 33  4 50 25 20 37  6 67 52  7 73  7 39  4 11 46  3 75 80 31
 48  2 60 47 14 25  8 25 77 10 21  9 25 50 77 37  1 50 25 10 48  0 65 25
 20 45]
[ 1 39 25 50 25  0 57 25 10  8  2 20 50 25 25  3 21 25 62 31  4 66 25 14
 49  9 25 75 90 36  5 45  5 10 50  6 25 50 60 52  7 50 51 47 10  8 76 29
 19 46]
[ 5 66 25 48 25  3 73 64 44  8  2 50 25  6 45  8 50 63  7 29  4 50 25 25
 50  7 75 27 10 73  1 25 50 50 20  6 72 50 38 50  9 22 30 42  2  0 50 25
 25 25]
[ 1 39 50 46 24  7 63 56 56 58  4 25 50 59 45  2 50 75  1 20  6 25 89 50
 61  5 49 29 36 27  0 25 51 49 31  3 15 25 72 50  8 39 50 18  9  9 25 96
 35  1]
[ 0 25 94 25 43  1 62 59 23 29  7 65 25  4 25  4 50  8 47 17  5 25 89 25
 67  6  8 37 19 52  8 25 47 35 83  3 73 25  6 79  9 50 44 92  9  2 83 25
 25 45]
[ 5 67 10 18  5  4 79 25 34 62  3 48 34 25 61  2 73 25  5 56  6 43 15 30
  9  7 10 24 15 13  1 25 64 19 84  0 25 25 61  3  8 50 28 10 71  9 92  9
 76  9]
[ 5 25  9 25 73  6 75 34 10 65  4 50 67 10 28  2 25 75 50 65  3 29 25 63
 50  7 50 65 25 56  1 50 25 49 37  0 31 25 54  1  8 25 20 15 25  9 10 50
 50  1]
[ 1 25 94 25  1  5 67 75 25 25  7 41 25 59 34  4 25  3 25 40  9 25 15 22
 25  8 41 93 43 41  3 25 25 50 42  2 32 50 25 45  6 12 50 64 25  0 50 50
 52 44]
[ 5 25  4 25 37  2 56 25 85 25  4 60 41 20 25  6 10 41 43 10  8 25 42 25
 66  3 25 50 50 45  1 50 66 45 20  0 25 25 59 24  7 18 50 51 68  9 78 50
  6  5]
[ 5 32 60 53 35  3 29 55 63 17  9 25 50  1 10  4 50 25 75 25  8 25  3 25
 77  6 50 50 25 44  0 25 25 51 11  7 40 27 76 33  2 42 50 15 20  1  8 50
 31 20]
[ 2 25 25 21 50  7 95 25 24 59  5 71 30 66  1  4 25 42 10 92  1 25 58 35
 25  0 25 50 35 37  3 28 25 76 45  9 36 91  9 25  6 17 50 39  9  8 61 54
 29 37]
[ 0 28 43 28 25  3 25 68 25 19  1 31 25 38 55  5 25 35  1 97  2 34 25 82
  8  4 50 25 10 10  6 31 35 13 36  7 85 73 34 10  8 25 91  9 25  9 26 13
 25  4]
[ 1 42 25 74 25  0 25 40 52 55  2  7 50 25 25  9 34 33 25 35  7 50 25  9
 48  3 76 47  1 80  4 52 69  3 26  5 20 50 28  5  6 19 50 66 28  8 49 50
 20 25]
[ 4 25 15 25 75  1 51 25 50  1  8 25 75 16 50  0 69 90  9 53  2  1 70 11
 20  3 73 25 25 25  5 64 70 90  7  6 42 42 10 28  7 17 20 50 25  9 43  1
 31 24]
[ 5 25 60 25 50  9 50 24 35 48  0 25 51 39 40  1 29 25 25 61  8 42 25 18
 67  7 25  0 25 25  2 25 25 50 20  3 50 25 50 20  4 50 50 10 20  6 50  8
 10 49]
[ 0 75 25  2  4  4 60 50 25 74  3 25 25 75 62  5 50 25  1 25  1 58 67 27
  8  6 58 42  7 83  8 25 65  5 25  7 50 42 46 42  9 50  7 43 11  2 50 51
 10 25]
[ 2 25 50 60 29  7 25 65 50 55  0 25 63 60 32  1 50 67  7  4  5 25 59 13
 89  3 72 50 28 41  8 50 50 10 36  4 50 62 10 33  6 50 36 51 25  9 38  5
 32 64]
[ 3 84 25 35 12  2 93 25  5 70  7 37 20 21 29  9 32  1 10 13  6 25 62 34
 49  5 42 25 65 25  1 25 71 17 20  8 51 25 44  6  0 35 56 25 25  4 42 36
 14 34]
[ 5 25 16 10 15  9 25 25 25 80  3 40 72  8 67  4 25 63 35 24  6 52 97 25
 71  2 25 73 50 25  0 31 36 50 25  1 46 25 48 48  7 65 66 54 51  8 50 42
 10  8]
[ 5 25 72 24 67  0 25 25 21 10  7 25 25 88 25  4 39 31 58 41  2 25 54 25
 22  3 15 75 10 20  1 50 25 10 51  6 51 63 50 28  8 47 77 13 21  9 74 36
 12 22]
[ 9 62 50  8 10  2 25 48 25 75  5 25  9 25 48  0 25 25 37 25  4 50 60 36
 25  1 50 25 66 23  6 50 50 35 25  3 25 48 49 47  8 72 40 22  2  7 98 50
 21 37]
[ 7 47 25 45 93  4 25 62 60 33  5 50 29 61 21  9 28 50 50 25  6 47 50 34
 50  8 25 50 29 25  3 25 54 22  8  2 50 39  1 35  1 25 67 25 40  0 25 45
 75 22]
[ 2 27 25 25  7  5 75 93 74 38  4 25  3  2 41  6 64 25 85 25  3  3 84 26
 54  1 25 44 88  8  7 29 73 53 20  0 50 25 10 94  8 75  0 33 50  9 65 50
 10 84]
[ 1 25 25 49 56  5 25 36 15 25  2 39 58 25 37  3 29 61 85 25  4 50 41 10
  8  6 26 50 37 25  9 91 30  9  9  8 25  4 35 79  7 75 70 25 83  0 40 50
 20 36]
[ 1 65 79 20 75  7 77 12 42  8  0 25 88 25 50  8 38 48 25 49  9 55 64 88
 60  6 50 25 76 37  3 67 50 10  8  5 25 29 34 64  4 50  7 70 22  2 50 50
 51 20]
[ 7 28 39 91 34  5 25 42 29  1  4 25 28 25 84  1 75 25 25  8  6 52 25 11
 82  8 50 18 25  3  3 79 25 22 57  0 56 25 54  8  2 20 33 25  6  9 15 42
 35 46]
[ 2 42 25 39  8  8 70  4 15  5  7 50 51 25 50  5 50 35 35 60  4 40 25 25
 67  9 72 50 25 67  3 25 50 42 46  6 50 73  9  6  0 58 31  8 39  1 75 60
 20 20]
[ 4 50 29 25 51  8 25 75 31 50  3 25 58 51 37  2 31 62 28 33  5 75 50 10
 70  6 50 50 35  7  0 54 25 10 49  1 34 54 26  1  7 50 50 25 37  9 27 35
 48 39]
[ 1 50 25 25 54  0 58 25  9 32  9 64 43  8 19  2 50 49 35 25  3 50 50 37
 29  4 75 22 10 72  5 50 34  1 10  6 25 40 60 48  7 50 50 18 14  8 76 54
 23 25]
[ 4 25 76 25 33  0 72 54 13 31  3 25 53 41 42  1 50 73 25  4  2 34 44 26
 29  5  5 42  9 34  9 39 43 69 24  8 50 29 15  1  7 54 50 44 56  6 29 32
  5 51]
[ 0 25 25 69 25  1 54 75 72 20  3 25 30  5 45  7 25 59 50 25  4 62 76  2
 66  5 21 11 25 25  6 25 50 22 22  2 29 55  6  2  9 50 63  2 71  8 25 90
 10 18]
[ 6 25 25 69  8  8 25 53 39  7  5 27 73 34 22  4 25 19 25 79  3 25 42 58
 28  7 12 87 29 25  2 50 25  8 45  1 50 47  4 54  9 29 50 20 50  0 50 39
  7 25]
[  5  25  32   5  25   6  20  55  44  40   3  25  80  14  20   2  72  25
  25  50   1  25  25  82   9   0 100  73   1  27   4  32  25  23  12   9
  25  66  76  20   7  39  39  65  25   8  50  25  40  20]
[ 5 25 50 60 45  4 50 75  4 20  7 25 25  3 25  1 29 37 51 58  6 50 39 10
 76  3 37 74  9  7  0 25 25  1 54  2 45 25 25 45  8 72 50 13 50  9 50 50
 25 39]
[ 4 25 23 10 50  9 83 50 50 21  0 50 49  1  5  1 25 50 50 31  2 62 66  1
 25  8 93 66 25 63  7 25 72 15 23  3 28 87 42 30  6 25 82 23 29  5 28 36
 58 46]
[ 5 43 25  1 13  4 25 11 10 25  7 25 62 29 43  2 75 73 50 34  1 29 25  9
 92  3  7 25 89  8  0 35 25 11 32  9 25 27 70 12  6 50 29 25 33  8 59 96
 25 38]
[ 5 75 77 51 19  9 65 59 28 43  0 25 51 60 39  1 50 25 44 25  7 25 57  8
 20  3 25 25 39 25  4 62 45  1 80  8 45 25  9 20  2 34 50 38 45  6  4 74
 36  6]
[ 6 25 74 90 25  1 25 98 10  2  0 39 67 81 28  2 75 45 10 74  5 35 62 25
 31  4 34 50 25 35  9 32 48 28 27  3 50 25 10 50  7 91 60 28 76  8 25 71
 11  4]
[ 1 39 50 46 45  0 25 44  1 67  3 25 25 21 42  2 50 25 10 40  7 41 25 25
 75  6 25 90 51 36  9 25 14 25  9  4 26 25 37  1  5 50 50 25 20  8 82 71
 13 28]
[ 0 29 58 25 37  2 25 25 34 25  4 25 50 10 60  1 75 63 25 32  3 48 25 40
 27  5 16 75 40  8  6 25 46 14  9  7 87  7  9 26  8 74 38 11 77  9 50 64
 84 42]
[ 5 75 25 74 25  0 50 28 64 22  9 25 78 50 56  8 48 43 51 35  3 31 38 82
 25  4 50 31 50 54  1 51 56 22 20  2 38 50 28 10  6 30 66 25 57  7 20 62
 76 39]
[ 6 25 76 30 32  5 53 25 25 51  7 25 90 25 81  1 25 25  2 48  0 25 25 35
 69  9 25 17 28 25  8 50 95 63 39  2 43 25 29 25  4 25 49 35 25  3 28 50
 25  1]
[ 4 25 46  6 25  3 25 66 37 29  8 25 26 27 25  7 29 85 50 77  6 65 65  2
 20  5  4  2 11 50  9 17 19 50 76  2 25 71 32 38  1 25 25 51 46  0 50 25
 10 33]
[ 5 25 36 15 72  4 25 50 25 51  6 25 45 60 12  1 75 42 10 48  0 28 61 51
 20  9 62 12 25  5  3 29 25 29 43  8 50 79  4 37  7 50 25 69 29  2 50 50
 14  8]
[ 1 55 25 72 25  5 29 42 25 10  6 19 62 25 25  3 25 50 74 25  2 25 50 21
 16  4 43 25 21 36  0 25 42 23 28  7 46 30 10 42  8 25 29 52 67  9 42 93
 25 17]
[ 3 25 25 74  8  2 50 25 10 58  5 25 25 29 50  9 25 34 44 58  8 25 60 35
 74  7 25 28 50 25  6 23 59 77  1  1 65 25 20 79  0 84 50 16 20  4 50 52
 10 53]
[ 5 50 25 31 11  9 25 65 15 25  4 25 32 25 25  6 37 99 58 51  7 25 34 72
  3  3 46 50 11 29  2 25 50 56 20  8 25 12 35 50  1 50 39 10 31  0 25 25
 19 52]
