[53 27 19  9 71  3 39 26 14 25 74 43 63 23 84 92 83 73 71 33 84 87 88 70
 76 48 71 77]
[48 66  5 17  9 58 76 64 86 57 34 32 59 25 53 54 14 18 60 30 43 46 15 36
 85 74 85 42]
[48  8 63 11 78 48 26 22 64 90 20  6 52 10 90 97 60 80 39 31 87 95 31 99
 33 72 75 84]
[25 40 19 50 29 75 59 74 43 87 19 20 53 50 10 15 88 80 74 25  1 20 88 47
 73 69 50 32]
[ 9 29 71 79  4 54 56 68 56 91 37 38 14 21 46 25 67 49 51 46 55 52  7 36
 94 81 44 94]
[28 63 47 63 17 96 81 98 71 11 78 77 48 70  1 44 17 22 76 30 34  8 20 24
 88 77 51 35]
[32 38 75  3 67 38 29  1 18 24 76 80 12 11 55 77 69 98  3 56 46 30 89 86
 62 97 91 57]
[91  9  4  9 31 20 19 87 98 96 63 80 33 60 91 84 78 32 75 51 89 70 77 95
 29 57 97 91]
[38 30  2  4 78 48  9  3 60 58 79 36 23 16 47  8 51 18 77 79 31 69 33 29
 98 64 61 70]
[24 33 64 62 93 85 99 51 52 49 63 44 65 87 23 47 77 49 66 68  3  2 66 89
 23 40 99 97]
[29 90  5 21 54 44 49 63  5  8 10 88 81 74 78 53  8 46 67 80 22 25  6 54
 29 40 84 99]
[ 6 76 34 21 84 53 83 56 40 28 39 83 85 83 42 19 26  6 54 89 45 42 48 82
  6 18 35 10]
[78 70 98 31  2 24 21 40 12 10 75 98 19 47 76 95 78 49 26  6 37 10 42 48
 45 60 31 73]
[83 93 56 41 16  1 73 95  5  0 58  8 68 67 75 50 75 52  2 32 37  1 64 70
 58 36 61 50]
[ 8 34 18 34 82 39 28 18 76 87 99 42 53 54 49 28 43 71  6 13 69  9 98 73
 72  1 68 66]
[64 67  7 74 80 91 92 51 38  5 54 48 78 72 17 53 78 92 33 12 69 68 10 31
 69 79 63 58]
[91 72  2 19 38 77 73 97  4  2 48 50 39 57 10 70 33  3 93 54 97 86 73 32
 80 86 60 76]
[74 24  7  9 48 75 56 52 56 59 45 26 61 80 87 70 32 34 88 27 20 55 27  9
 27 18 41 86]
[37 34 76 53 47 38 42 84 76 53 66 73 26 34 57 77 83 15 84 98 59 20 23 20
 80 64 56 16]
[23 32 60 36 75 90 89 86 76 37  0 43 34 37 10 49 27 60 74 94  9 16 47 14
 84 86 85  1]
[85 36 57 58 53 93 82 90 92 98 62 17  7  1  8 43 53 46 33 23 32 19 48 20
 47 33 95 58]
[76 50 52 81 60 77 12 17 32 49 61 62 80 83 99 74 83 26 22 33 14 55  8 13
  8 16 51 13]
[83 96 53 98  5 28 66 84 91 78  6 13 53 89 15 28 33 61 29 52 77 10  7  6
  3 26 12 26]
[14 12  9 37  3  0 36 48  4 43 56 45 99 56 88 35 88 36 32 20 53 38 39 38
 94 41  3 15]
[20 57  8 12 51 74 58 85 84 89 18 19 36  9 94 83 83 26 33 34 82 27 34 57
 18 17 23 79]
[80 86 79  4 12 17 21 80 73 63 57 92 20 30 87 43 39 61 55 85 47  2  1 21
 51 68 28  9]
[31  6 58 85 81 76 33 10 35 54 76 80 58 52 74 16 58 59 16 45  0 98  5  1
 51 21 25 50]
[13 39 30  9 90 72 81 99 46 99 53 76 36 32 58 82  6 69 87 90  3 16 64 46
 28 27 42 15]
[99 65 72 87 74 48 16 11 55 34 82 22 32 17 76 13 29 28  5 12 24 32 77 76
 82 98 10 59]
[76 51 52 13 85 25 70 84  0 23 40  7 66 67 62 56  6  9 73 52 28 27 63 35
 19 98 68 63]
[25  9 42 19 82 68 82 67  7  0  5 31 28 52 68 18 91 86 10 81 74 34 18  1
 46  0 75 91]
[90 41 35  4 26 61 87 81 81 97 78 48 27 31 16 63 66 12 67 63 81 69 35 67
 44 61 54 41]
[51 85 49 29 69 70 49 83 64 21 91 55 98 74 14  9 86 90 69 65 49 17 16  3
 21 38 46 54]
[40 79 43 38 19  1 72 85 81 56 37 33 95 57 80 61 29 99 86 83 31 83 31 23
  9 41 72 46]
[23 57 88 52 63 52 45  6 97 80 74 70 51 92  3  6 67 84 16 59 13 39 49 44
 36 42  1 20]
[86 26 49 62 19 79 20 28 48 35 95 68 63 25 12  5 86 74 81 69 22 13 79 37
 28 12 96 87]
[61 70 48 30 85 95 27 76  8  2 54  0 32 99 21  7 41  6 64 60 51 50 91 89
 71 13 78 79]
[72 24 63 69 90 71 47 30 93 84 72 54 75 32 97 86 45 51 62 25  0 16 83 12
 97 91 13 45]
[87 79 79 94 92 86 22 67 64 83 43 33 75 65 43 88 42 31 71 89 10 19 75 74
 40 61 48 35]
[43 44 47 46 24 55 28 35 61 89 58 65 50 56 68 86 41 15 60 38 85 97 53 25
 77 34 10 28]
[73 62 11 30 69 76 68 98 34 39 30 76 43 89 63 34 38  3 28  0 34 30 35 54
 38 61 79 83]
[51 54 62 37 14 31 51  9 31 47 60 41 89 78 91 60 14  1 54 80 62  8 93 83
 82 35 20 24]
[97 89 66 33 85 42 98 76 47  6 14  2 77 81 61 58 67 77 30  5 41 21 84 29
 43  6  1  2]
[77 50 63 50 52  2 95 82 36 34  3 69 90 73 88 63 46 59  9 27 15  9 16 36
 34 27 61  3]
[59 29 16 24 19 47 65 41 47  4 85 98 86 92 37 40 27 48 37 32 79 57 81 49
 59 62 48 15]
[23 33 24 56 38 20 74 96 71 78 94 72 10 22 43 33 91 96 74 87 14 10 96 43
 48 64 29 96]
[70 56 76 94  9  4 91 89 83 67 45  2 25 59 16 37 11 40 40 59 49 86 50 54
 88 71 86 80]
[74 82 89 50 79 34 47 26 28 10 45 79 90 60  1  6 89 90 75 22  2 37 87 89
  0 63 16 25]
[34 59 78 61 86 83 74  5 53 80 27 17 93 95 50 99 12  6 20 75 39 49 25 48
 69 82 75 31]
[10 26  1 78  5 15 54 85 57 35  0  8 92 69  5 35 86 74 40 76 86 96 75 92
 27 82 81 99]
[38 37 63 48 73 83 17 63  2 19 40 81 71 78 67 94 33 29 99 36 23 93  3  8
 73 31 30 19]
[50 89 96 98 40 83 61 75 96 89 31  1 53 27 10 30 82 54 18 43 95 93 37 82
 37 33 32 73]
[23  2 34 41 96 80 84 80 46 28 25 76  0 24 18 32  8 25 97 65 46 66 49 14
 24 30 24 12]
[58 51 95 77 89 65 54 88 54 66  9 27 39 63 46 60 83 79 51  0 17 50 33  5
 98 97 16 49]
[20 46 57 47 85 48 36 35 84 83 40 78 99 50 35 30  7  0  8 20 13 60 86 68
 32  2 47 22]
[40 35 38  9 25 14 61 91 51 50 15 25 25 64 90 87 78 64 73 77 33 19 34 57
 52 83  8 66]
[ 8  8 14  7 21  2 15 96 89 87 19 24 34 25 70 86 80 91 97 73 82 33 19  5
 70 42 58 76]
[77 51 53 72 85 97 64 58 70 63 23 53 76 31 73 72 86 98 35 23 10 14  1 44
 53 82  2 16]
[ 2 68  8 14 65 91 70 66 95 93  9 14 36 74 86 74 23 12  5  6  4 52  7  6
 67 91 95 91]
[14 70 23 26 68 42 43 37 77 69 62 50 60 79 37 26 17 39 35 46 56 75 63 77
 80 79 22 54]
[36 21 82 27 90 81 10 66 40 58  5 15 72 42 87 68 34 45 89 98 19  1  8 37
 59 50 58 25]
[60 10 99 89 81 69 31 90 61 40 33 78 82 95 46 20 35 84  6 19  5 13 86 80
 53 29 20 25]
[93 97 83 68 23 15 10 29 39 54 95 66 54 64 71 75 84 50 14 32 30 27 34 52
 74 82 86 38]
[73 77 57 67  3 35 77 20 96 90 88 86 42 61 29 84 97 99 23  4 68 72 28 27
 25 80 19 15]
[31 11 41 61 58 78  0 34 95 89 56 79 34 38  3  7 33 22 27  7 44 35 17 80
 20 15 35 23]
[31 37 59 35 42 37  0 72 99 83  7 27 14 20 38 34 96 34 76 75 71 55 26  3
 25 17 70 92]
[ 7 41 42 46  3 21 97 81 98 48 54 47 30 75 71 96 73 42 11 13  4 83 35 24
 51 74 19 14]
[19 91 93 80  6 10 17 13  4  3 24 99 74 83 10 61 69 15 64 71 56 57 17 50
 97 98 10 53]
[39  8 52 53  1 30 33 43 50 64 83 56 79 77 42 96 50 30 50 47 70 76 97 71
 30 16 63 94]
[10 21 42  0 16 13 88 43 96 94 80 98 76 89 79 36 21 29 88 78 84 95 30 36
 76 77 11  8]
[80 88 66 45 94 97 48 87 17 72 53 63 44 48  1 42 76 19 97 90 10 14 17 68
 53 74  0 42]
[31 80 52 66 35 21 42 48 86 98 18 44 98 80 93 73 37  3 14 16 37 72 10 22
 74 53 24 22]
[79 44 38 48  5 21 94 75 17 28 21 25 42 32 20 27 59 43 75 64 83 81 16 52
 86 53 82 78]
[18 17 78 56 13  0 61 37 40 29 37 34 55 70 97 77 49  0 86 87 33 80 20 27
 91 98 65  4]
[97 85 48 83 67 48 83 95 22 30 80 55 13 19 18 31 65 80 55  9 33 39 79 73
  8  7 45 78]
[87 79 78 25 90 97 40 69 71 46 54 38 31 25 19 33 61  8 74 54 31 32 14 43
 12 23 24 54]
[33 49 62 81 33 15 83 91 81 68 30 24 99 34 17  8  4 56 52 17 80 91 57 75
 45 86 84 93]
[ 6 26 37 16 97 34 22 24 15  8 19  1 93 28 15 12 76 94 82 73 24 31 56 94
 18 15 68 81]
[72 61 82 99 26 22 17 63 13 74  7  0 92 76  1 54 97 99 48  3 52 48 68 25
  7 54 69 92]
[98 88 85 21 24 60 46 49 73 10 51 56 84  7 88 89 76 80  5 57 14 34 70 88
 26 31 26 31]
[85 79 43 83 37 23 78 31 20 23 31 93 40 47 90 74 99 95 91 44 73 40 41  1
 66 63 45 69]
[ 9 52 76 75 90 95 73 69 94  8 33 44 90 22 49 53 61 97 19  4 77  7 77 99
 25 29 22 11]
[85 82 29  4 73 57  1  2 81 11 72 78 83 82 31 98  9  1 84 55 49 16 86 98
 11 47  9  6]
[20 52 13  6  6 24 16 56 75 70 77 76 90 92 65 73 29 30 36 92 51 45 53 39
 82 85 56 52]
[18 73 25 45 14 24 49 18 88 83 85 55 46  4 62 49 98 91 28  2 29 38  3 18
 26 64 72 65]
[84  1 39 40 67 78 46 51 32 69 56 71 46 26 96 95 68 66  8  3 47 79 97 83
  2 18 32 27]
[88 57 49 53 55 97 66 59 20 16 66  6 54 36 10 14 36 33 82 18 89 94 54 15
 61 74 48 19]
[ 9 57 32 41 14 27 59 10 16  9  7  6 32 72 71 57 73 80 86 93 92 97 25 74
 79 91 64 59]
[19  5 95 81 54 61  9 17 50 22 76 56 23 91 36 38 71 34 91 82 69 64 52 49
  2 10 35 26]
[69 63 36 84 93 72 21 36 88 84 79 69 17 78  5  8 17  1 84 22 59 92 18 19
 36 37 32 80]
[66 37 91 98 16 53 80 73 95 68 29 23 98 91 45 42  1  4 81 22 29 47 28 56
 86 49 63 36]
[31 17 66 69 60 29 39 45 68 91 78 46 82 90 90 85 51 47 26 24 29 13 42 57
 90 98 22 12]
[21 13 48 11 67 56  1 16 43 45  5 12 99 88  6 13 77 33 42 32 74 82 70 48
 82 93 15 36]
[91 95 64 79 91 18 28 41 73 86 79 45 24  5 91 96 67 64 62 83  1 16 22 20
  3 34 43 78]
[39 18 33 94 55 61 14 10 35 27 21 32 41 85 78 73 49 55 66 55 57 88 53 28
 47 59 15 28]
[ 6 52 52 31  6 13 33 38 54 56 15 16 24  7 59 48  1  3 89 86 11 13 98 82
 61 99 93 62]
[88 45 25 33 45 76 36 42 19 21 41 70 13 40 85 76  5  8 14 38 38 82 56 71
 19 85 14  8]
[15 13 51 46 65 10  1 18 41 21 53 83 69 78 45 55 89 41 88 91 72 41 64 72
 47 80 75 84]
[74 77 32 58 59 24  1  9 57  3 47 33 74 17 48 47 53 49 89 90 56 39 23 22
 72 71 21 28]
[ 1 14 30 18 84 91 37 60  4 73 77 91 44 42 42 31 31 41 16 38 53 49  6 20
 44 10 59 60]
[70 56 51 25 37 53 78 51 85 86 50 30 64 56 78 92 31 30 74 91 38 20 11 28
 98 77 90 76]
[65 72 63 12  9 52  9  4 62 55 21 30 32 58 85 96 46 32 52 83 93 87 60 44
 19 32 82 99]
[67 86 45 33 49 87 21 29 91 30 67 66 20 82 82 76 90 88 49 62 63 52 19 14
  7 52  2 12]
[12 68 38 25 33 20 59 50 33 47 58 55 28 20 24  0 72 81 20 52 51 12 79 88
 15 60 70 78]
[51 93 68 67 89 75 23 38 91 54 55 57 63 90 10  3 14 85 96 90 99 95 40 68
 26 37  1 29]
[ 9 27 49 70  4 34 83 93 86 84  8 83 55 11 25 23 78 87  1  3 83 35 46 54
  8 17 41 51]
[19 47 29  8 57  2 41 51 74 75 49 20 13  4 89 99 88 90 53  8 50 47  8 26
  1 21 60 82]
[49 32 39  8 57 36 99 93 30 11 29  8 39 54 78 76 65 71 22 49  3  8 78 21
 39 14 64 70]
[42 34 91 99 50 47 53 30 17  4 57 45 33 43 57 47 78 42 96 97 58 79 36 21
  3 13 29  5]
[88 93 81 28 15 20 84 77 10 54 50 52  0 94 91 89 81 67 55 27 22 67 53 62
 43  6 98 96]
[35 80 12  2 27 18 35 51 30  2 93 82 54 70 87 19 36 32 60 44 18 30 27 11
 39 47 56 43]
[ 0 20 11 94 61 36 40 62 68 59  6 27  2  6 39 28 30 29 88 59 15  8 59 24
 95 69 64  6]
[80 98 87 83 65 55 91 86 22 15 13 32  6 12 88 42 26 30 21 13 38 56 64 30
 91 59 74 69]
[89 67 85 72 96 90 59 40 61 75 62 43 30 29 19 53 40 41 57 19 23 12 82 90
 27 12 58 17]
[44 18 44 43 90 77 14 53 39 41 28 18 69 72 47 83 42 58 35  7  1 50 91 86
 86 90 57 70]
[79 81 32 96 42 67 27 53 91 98 72 95  3 55 91 95  5 11  1 72 28 33 18 76
 69 38 68 64]
[33 24 14 22 69 27 88 87  3 54 48 80 98 92 17 56  4 36 41 40 72 74  6 40
 57 68  9 52]
[62 54 45 36 36 75 48 61 86 43 94 97 75 30 69 61 91 90 41  7 15  7 82 57
 81 83 13 89]
[ 7 57 56 54 16 12  5  3 51 34 42 27  1 43 63 91 71 87 70 54 23 62  8 27
 96 77 28  6]
[99 67 14  0  6 41 24 44 61 68 79 68 51 49 58 73 79 68 66 36 81 98 32 78
 28 10  5 18]
[51 32 95 82 99 85 81 96  1 30  5 10 95 66 71 25 56 67 23 11 62 43 64 41
 31 33 36 43]
[76 64 46 31 33 41 89 96 74 96 23 20 45 26 62  9 95 87 84 96 93 87 26 65
 51 47 58 77]
[ 8 33 99 50 66 47 11 51 24 21 34 72 34 45 61 99 61 54 62 98 73 71 72 21
  6  3 17 68]
[86 89  1 32 98 58 52 35 76 51 33 10 12 21 51 90 10  7 32 79 45 29 91 30
 92 47 89 52]
[60 27 63 79 37 40 48 14 20 98 11  6 82 50 56 59 10 25 36 60 67 78 21 27
  7 11 61 70]
[74 63 53 42  3  6 28 17 62 52 65 29 43 42 54 68 91 22 24  6 61 39 98 72
  6 12 66 16]
[87 82 88 85 76 61 56 59 54  1 28 14 32 34 47 42 42 37  5 14 16 23 90 74
 60 10 60 72]
[82 86 59 47 18 86 99 98 27 54 26 24 65 97 37 10 83 29 76 67 50 40 52 37
 28 34 44 66]
[27  2 83 99 96 59 28 58 83 84 21 14 84 86  1  3 27 33 28 17 38 28 54 86
  2 24 33 58]
[24  1 66 67 37 32  3 65 44 47  0 18 83 88 70 98 95 52 40  8 99 54 56 48
 68 14 92 87]
[20 57 85 79 87 98 33 60 79 51 19  6 78 41 28 41 26 21 44 51  3 16 89 97
 32 49 50 51]
[68 75 26 27 38 58 40 93 50 22 12 15 87 92 52 62 76 61 66 88 18 34 88 48
 11 10 86 49]
[ 6 31 76 35 79 71 82 94  0 28 61 91 56 66 11 14 38 53 61 62 39 82 56 37
 88 76  3 25]
[53 70 86 70 86 89 35 23 75 63 94 90 77 73 77 46 14 13 53 74 65 36 32 17
 84 81 97 55]
[77 78 94 89 59 34 17 30 14 15 64 57 35 31 46 52 19 17 21 84  7  9 15 32
 97 65 15  5]
[86 75 76 45 29 20 55 70  2  1 38 90 31 63 68 96 14 72  7 24 92 93 58  6
 45 65 43 27]
[22 31 67 64 74  2 56 58 17 48 18 22 90 36 45 56 47  5 41 30 75 94  5 20
 65 64 60 78]
[74 88 13 71 16  4 84 60 27 50 28  5 14 17 29 17 61 68 51 74 54 63 44  1
 98 66 98 88]
[23 26 34 63 37 68  8 11  8  3  0 30 39 95 28 52  7 25 42 90 69 76 71 83
 30 38 33 27]
[42 41 43  0 13 46 93 90 68 91 86 83 86 40 98 95 94 93 29 84 37 38 36 10
 72 85 31 30]
[14 32 17 79 48 69  3 95 34 33 50 96 19 11 76 79 14  4 38 69 11 14 79 85
 82 93 70 95]
[90 69  4 40 60 38 75 29 77 84 51 47 67 59 19  1 92 80 54 57 70 72 44 75
 57 12 12 10]
[52 30 61 45 80 87 68 11  3 36 30  9 62 55 75 76 40  2 93 68 49 66 24 30
 99 61 80 85]
[82 68 91 78 14 77 43 26  0 67 16 19 98 91  3 85 74 69  1  2 60 78 58 53
 38 55 61 75]
[68 78 86 74 50 53 21 17  0  1  5 55 61 27 65 42 61 53 26 32 50 40 99 87
 57 40 74 78]
[84 88 39 32 52 62 26 32 19 21  9  0 65 63 83 98 24 30 66 50 28  4 30 15
 63 79 52 59]
[51 57 67 73 69 77 91 47 26  9 41 82 56 33 65 57 72 90 45 36  5  0 22 10
 45 28 45 29]
[76 66 67 96 39 28 91 88 21  0 21 41  4 88  4  1 13  5 67 58 28 54 84 45
 22  3 83 81]
[11 30 58 84 93 53 61 65 39 41 36 87 80 25  6  3  1 24 43 15 46 88 23 49
 70 89 80 70]
[77 96 26 10 71 52 66 53  4 91 99 92 33 25  1 14 65 10 83 69 79 80 88 27
 54 44 26 47]
[58 57 69 94 75 81 58 57  4 17 10  8  2  4 51 95 85 71 97 69  5 26 29 30
 26 77 44 36]
[27 29 78 54 59 19 31 11 86 83 89 74 18 43 41 42 62 69 99 15 27 14 95 83
 99 91 44 33]
[96 84  2 24 71 54 78 42 39 26 56 49 95 99 79 49  8 11 93 89 74 72 95 99
 74 49 23  0]
[ 6 12 22 45 80 71 78  0  8 62 19 18  5 45 79 88  2 11 35 72 90 93 96 16
 64 49 86 84]
[45 32 31 30 88 74 94 91 40 48 36 33 50 41 31 32 59 68 16 15 32 34 79 99
 66 20 36 47]
[62 75 40 36 13 16 59 91 57 58  2 13 33 22 56 23 63 67 97 49  2  1 83 90
 13 10 40 97]
[78 60 37 51 21  6 67 45 89 97 23 29 53 92 73 94  6  5 45 40 44 34 78 67
 28 45 31 44]
[71 65 66 54 40 56 60 65 66 36 34 30 69 85 14 36 49 67 51 48 86 91  2  6
 50 39 82 90]
[38 58 39  3 98 92 38 81 21 32 58 92 81 90 61 99 33 41 93 82  4  5  2 29
 42 78 60 81]
[64 58  4  6 86  5 79 83 30 17 28 24  9  8 69 48 82 86 63 43 47 59 35 11
 42 88 85 90]
[13 49 94 66 96 90 78 45 86 67 16  7 90 28 39 43 70 76 51 82  9  0 30 60
  1 85 21 24]
[63 67 47 30 34 88 12 23 47 43 71 95 42 19 68 80 80 14  4  3 93 64 68 87
 10 27 30  7]
[71 81 46 36 97 90 12 19 19 86 95 94 78 97 78 83 21 22 86 65 41 42 80 84
 41 55 80 14]
[76 93 63 82 38 84 12 37 31 28 27 55 83 15 91 92 63 32 83 67 57 39 49 61
 89 11  5 10]
[13  0 93 94 18 27 26 78 49 48 37 75 80 99 86 71 32 55  0 12 31 45 25 69
  7 15  2 76]
[ 9 51 53 67 59 74 72 95 22 27 96 52 66 78 70 26 58 56 85 26 84 88 74 28
 20 18 42 97]
[15 20  0 19 52 20 96 98 99 98 87 99 71 86 35  6 77 91 79 73 77 26 53 37
 14  0 50 75]
[92 61 32  5 98 76 91 94 89 99 75 77 83 96 53 35 76 65 67 78 33 39  7  1
 50 29 32 64]
[80 79  1 58 65 67  2 39 53 18 14  3 40 70 86 92 32 22 59 58 47 86 58 75
 19 26 90 78]
[24 10 54 53 88 35 34 25 38  1 97 70 74 95 76 58 52 32 56 55 28 67 51 36
 60 53 51 93]
[70 42 44  5 82 90 46 74 38  3 32 17 33 47 95 80 12 20 70 40 40 38 31 27
 45 77 97 96]
[22 15  3 81 50 43 59 21 88 87 20  2 90 66 92 97  6  4 31 14 51 88 47 57
 95 57 74 92]
[60 54 58 59 23 21 89 98 81 86 84 41 50 14 27 22 80 60 58 99 61 74  1 56
  0 29 36 88]
[98 89 10 26 62 53  0 44 96 91 71 34 64 72 28 64  4 13 58 41 72 90  9 10
 85 34 72 87]
[29 12 84 75 32  6 95 96 64 89 99 88 48 51 55  9 42 41 14 19 64 83 34 62
 84  2  1  4]
[27 48 61 69 92 96 77 59  9 18 29 10 91 79  9  5 59 76 28  9 90 83 94 10
 46 49 24 28]
[80 57 39 28 45 46 19 34 72 32 92 86 59 85 55 73 64 40 15 10 88 91 60  4
 40 45 25 46]
[72 23  6 12 83 62 68 39 93  3  3  2 80 49 26 24 81 80 10 14  9 33 23 51
 62 36 27 71]
[29 15 87 50 13 10 40 30 40 73 52 50  2  0 62 91 56 76 25 45 78 74 63 60
 38 63 87 65]
[28 91 88 65 34 68 30  7 28 34 45 29 76 35 38 59 26 19 14 49 28  6 94 90
  6  9 78 13]
[28 33 38 56 47 65 66 62 70 91 58 97 16 59 80 85 66 83  6 22 56  6 97 93
 17 37 13  5]
[21 70  3 25 92 91 42 73 90 25 90 91 47 32 28 43  0 12 10 84 80 85 84 20
 64 50 78 74]
[76  2 98 92 43 31 22 83 20 24  1 45  6  2 43 78 70 79 26 69  8 13 56 51
 89 83 37 29]
[22 18 49 14  0  2 16 35 93 86 83 78 48 71 72 51 38 35 68 70 37 58  7 20
 96 35 88 83]
[ 4  2 41 63 61 82 74 67 26 37 71 72 38 22 79 87 76 63 51 65 49 75 95 87
 37  3 38  1]
[98 95  3 10 86 78 77 61 70 75 42 25 16 26 63 69 66 48 49 96 96 89 79 48
 37 45 40  3]
[60 25  3  5 35 57 75 66 87 91  1 28 67 79 28 36 56 10 45 39 82 98 32 45
 62 67  8 76]
[30 35 83 85 69 57 29 50 62 94  5  3  7 12 80 31 41 19 20 22 97 72 95  9
 65 29 52 59]
[37  6 57 55 27 12 98 91 24 79 51 41  8 14 48 50 74 93 97 73 97 66 59 54
 57 36  9 31]
[85 83  3 52 33 41 29 48 85 90 60 93 51 50 24 66 10 26  3 53 55 65 68 77
  1 26 81 61]
[25 29 26 18 12 10 75 70 51 43 31 72 12 53 79 87 33  5  1  5  0  7 47 50
 57 58  7 21]
[ 8 54 40  0 45 44 90 99  0 21 20 12 47 62 63 96 93 86 87 54 87 82  4 44
 24 32 74 76]
[13 20 78 62 63 68 66 43 26 38 36 47 75 19 89 95 63 43 81 48 84 71 78 17
 38 13  5 28]
[49 24 40 86 73 63 68 40 93 83 60 19 49 53 79 16 65 73 38 24 58 70  5 18
 76 73 47 61]
[69 32 59 75 91 83 64 61 21 15 62 77 56  4 84 94 88  2  4 52 18 27 95 96
 77 59 82 93]
[10 57  0 17 91 98 77 15  1 24 16 32 65 46 71 67 80 78 26  3 78 28 22 20
 37 38 92 71]
[89 88 35 26 27 22 33 34 31 11 71 75 11 39 58 44 73 70 72 47 17  6 31  5
 69 47 50 60]
[27 43 71 49 23 41  4  5 56 85 55 46 85 29 40 24 83 99 10  4 90 85 70 57
 13 14 45 63]
[ 0 57 96 87  0 46 79 77 33  1 86 82 55 33 31 34 87 59 97 77 65 71 65 41
 24 10 29 62]
[28 55 82 89 37 62 67 70 95 53 26  4 19 35 31 44 45 40 59 35  2 93 61 66
 87 63 88 79]
[17 44 83 68 91 98 97 73 54  9 44 56 57 79 40 36 31 52 12 26 88 84 22 85
 51 66 69 92]
[66 98 84 59 27 31 54 76 86 48 49 56 15 14 47 27 32 81 19 30 77 62 94 93
 18 25 30 31]
[47 32 69 66 64 77 21 97 61 55 65 87  4  3 77 43  8 10 31  0 56 39  1 54
 18 50 78 79]
[ 9  7 61 30 99 46 38 44  0  1 54 52 34 65 81 54 78 76 58 68  8 47 11  5
 48 52 19 29]
[58 35 45  6 31 81 50 47  4 14 94  3 31 34 20 22 21 77 96 89 37 63 80 66
 15 88 66 51]
[98 55 74 42 11  1  3 24 15 57  6 39 48 65 81 98 15 14 60 96 16 19 76 83
 91 74 86 79]
[51 18 55 39 41 66 89 87 67 87 38 43 87 50 65 87 52 95 46 65 97 51 23 24
 45 50 85 69]
[88 62 83 91 39  3 13 48 74 77  0  6 56 44 50 73 70 58 28 45 96 56 20 24
 21  0 96 78]
[ 1 80 52  0 77 50 57 15 70  7 35  4 64 34 30 55 36 63 88  3  3 99 24  7
 82 54 98 92]
[ 1 40 55 70 15 31  1 36 10  0 49 61 13 79 39 33 86 95 20 84 61 77 45  5
 94 16 68 30]
[97 42  7 88 86 57 37 51 54 95 37 39 45  0 51 73 91 99 43 77 18 77 16 14
 70  2 44 43]
[66 17 58 93 41  1 52 92 84 29 97 93 81 83 63 22 34  9  5 97 89 77 27 23
 23  0 50  2]
[29 41 62 68 31  3 60 61  1 39 41 25 63 81  5 34 85 78 95 15 68 44 84  2
 34 65 57  8]
[68 57 32 78 85  5 50 72 13 62 11 94 76 61 24 67 44 15 34 57 50  4 12 79
  7  2 20 19]
[86 56 73 86 73 27 35 69  0 42 15 80 91 23 29 21 22  4 44 91 81 32  3 50
 27 21 69 86]
[18 47 33 34 50 42 87 44 39 83 70 59 18 54 96 79 63 65 62 68 15  6 90 11
 64 39 87 55]
[ 9 29 53 52 37 61  1 70 80 36 35  5 49 24 19 53 70 54 44 98 31 44 26  6
  5 49 14 45]
[47 70  1 65 11 17 44  6  0 37 51 50 97 98  3 46 90 42 64 70 31 94 87 65
 59 74 41 63]
[76 36 96 18 93 17 71  0 90 81 88 14 22 38 46 10 25 74 22 68 18 30  5 83
 35 41 94 15]
[46 59 94 98 53 39 48 51  5 47 19 44 36  5 46 66 57 65 35 39 64 21 21 22
 51 58 57 59]
[47 67  6 87 24 73 88 48 90 78 30 89 45 38 39 97 30 11  1 12 77 39 51 47
 79 83  4 16]
[17 35 77 52 43  2 66 61 91  6 41 85 75  0 27 77 26 16 90 73 62 27 39 26
 95 94 88 53]
[60 31 82 55 63 62  2 17 59 58 60 75 82 33 82 44 65 59  6 11 97 24 59 87
 82 38 57 78]
[38 65  7 78 21 88 44 74  7 15 26 15 43 19 78 88 50 91 63 21 90 58 24 73
  5  0 63 82]
[74 85 15 54 84 66 84  8 86 97 95 34 54 22 82 60 31 23 80 50 70 17 43 78
  0 92 74 30]
[65 22 88  3 71 69 96 75 73 61 10 95 84 45  1 35 59  5 58  3  1 50 49 92
 42 71 85 83]
[48 87  4 49 26 93 34 15 94 71 81 77 74 17 93 95 69 52 62 56 72 58 61 63
 26 15 21 16]
[17  0 87  9 26 83 25 13 40  8 56 37 26 73 81 91 77 74 77 57 25 63 55 40
 30 15 34 43]
[ 5 57 28 90 21 52 20 79 62 77 12 44 53 68 42 80 95 73 98 19 80 21 28  6
 39 81 32 65]
[73 55 73  3 79  6 43 61 46 87 13 81 92 79 91 36 78 42 62 56 82 51 58 68
 63 41 94  7]
[10 59 83 16 76 48 99 17 35 37  4 33 50 27 48  4 48 58  6 45 66  3 60 51
 61 33 82 92]
[85 33 80 28 48 71 19 34 54 27 28 37 41 16 90 72 49 80  6 56 53 74 48 95
 99 40 54 70]
[96 46 41 33 26 13 53 78 29 41 54 44 93 43 75 80 98 10 58 22 68 99 65 13
  0 65 45 51]
[91 62 95 90  9 12 87  6 43 68 30 96 75 24 56 85 88 74 52 74 59 60 36  3
 16 93 83 14]
[16 26 98 34 69 59 25 63 66 81 94 36 68 63 84 35 22 10  9 16 47  6 75 14
 90 75 71 47]
[92 75 23 54 96 70 28 98  3 66 44 41 75 99 79 75 64 59 79 47 97 15 40 42
 18 95 59 94]
[53 16  2 66 63 95 52 39 47 53 50 32 56 76 99  8 84 18 40  5 48 43 52 48
 45 25 29  7]
[61 69 75 46 27 43 57 89 70  2 34 48 76 94 88 19 76 39 76 51 84 91 58 35
 93 65 80 46]
[83  8 51 89 55 80 28 36  4 22 98 84 95 67 11 79 25 45 71 57 21 20 39 49
 53 71 29 65]
[17 89  3 25 28 34 25 70 30 67  3 37 12  0 82 17 18 75 70 23 84 47 44 21
 40 74  5 43]
[18 49 65 83 30 55 72 33 35 12 23 98 15 98 97 64 64 15 10 81  3 80 80 48
 87 76 53 32]
[91 65 77 80 13 87 53 29 42 83 54 99 87 26 21 22 48 39 60 84 19 42 17 11
 67 12 91 75]
[70 15 12 22 12 22  8 62 99 65 35 94 20 78 33 29  0 37 75 12 94 75 17 39
 39 71 32 25]
[85 71 30 89 31 45 29 13 59 50 12 23 89 26 61 89 72 42 20 37 82 49 90 43
 57 32  1 71]
[59  1  8 72 53  3 69 31 87 58 80 94 90 28 11 13 97 48 68 21 14 53 12  6
  5 87 46 16]
[87 20 99 29 32 33 37 85 74 15 58 70 48 78 91 65 18 17  1  3 62 73 66 49
  9 22 49 21]
[62 78 87 92 96 33 13 93  0  6 98 76 40  5 65 10 36 16 56 32 10  3 27 51
 86 30 34 54]
[32 81 13 27 79 24 47 12 54 25 12 17 57 44 18  2 77 47 42  2 79  2 95 10
 24 89 23 31]
[45 37 77 24  3 68 79 91 83 41 91 65 36 41 82 17 81 61  3 85 32 54 81 61
 74 67 17 79]
[ 9 45 16 29  1 78 54 56 12 75 41 73 82 43 30 21 22 37 35 92 59 75 98 17
 68 39 33 78]
[55 95 88  7 31 64  6 23 93 25 71 89  2 35 79 76 23 59  1 81 84 57 89 14
 62 16 65 20]
[33 84 69 67 81 72  1 75 47  7 35 40 43 41 59 97  0 86 76 38 97 74 97 17
 31 89 78 88]
[ 7 57 73 59 93 39 76 80 82 98 61 40  9 78  6 20 26 38 52 26 68 59 10 42
 78 39 31 43]
[10  8 28 94 84 18 46 34 74 71 67 21 19 24 66 59 75 12 45 25 78 14 68 18
 96 50 88 99]
[33 61 33 82 16 55 48 79 88 78 34 86  5 32 99 89 53 33 16 97 76 90 82 94
  2 24 83 71]
[ 2 86 81 37 67 39 97 49 52 19 88 11  3  6  8 87 68 98 88 24 48 13 32 95
 79 47 36 62]
[ 1 82 74 68 24 21 65 31 84 25 49 39 16 85 36  6 26 10 25 61 82  5  6 31
 26 16 25 58]
[65 87 13 96 84 17 67 13 25 24 25 86 95 97 42 59  6 11 85 99 85 90 63 66
 38  5 95 55]
[45 99 70 34 54 17 28 12 64 10 48 34 13 11 60 65 97  3 73  8 61 53 22 23
 65 79 85 82]
[ 3 85  1 94 27 10 18 86 36 44 96 62 98 21 93  0 82 97 83 32 61 77 69 88
 88 31 86 84]
[75  6 55 99 66 23  2 92 62 56 96 38 75 21  2 74 87 93 31 24 17 47 18 11
 91 99 37 34]
[52  3 70 85 10 33 93 75 54 51 87 31 96 36 25 49 45  3 18 88 18  0 42 69
 31 64 33  7]
[98  7 97 87 37 13 66 50 54 91 33 44 11 40 26 51 96 80 36 83 71 14 15 54
 37 69 60  5]
[37 94 51 34 30 26 99 36 24 43 88 40 66 21 31 12 85 35 85 83  3 79  2 84
 55 19 20 87]
[44 66 86 66 14 24 32 95 59 38  6  8 25 80 52 21 22 57 46 33 23 88 39 67
 59 23  9  1]
[69 67 20 85 88 25 15 42 49 91 41 85 19 42 70 71 77 25 59 55 89 39 76 72
 56 52 14 23]
[ 9  3 76 50 32 66  9 71 39 44 62 17 41 74 89 83  0  7 21 63 43 74 96 51
 15 39 40 53]
[29 27 47 42 98 39  7 40 77 25 33 51 17 80 20 85 39 59 75 68 43 54 38 41
 71 36 67 83]
[10 57  0 32 89 44  1 44 69 36 70 35 93 85 54 49 28 83 95 91 15 11 86 16
 76  0 36 20]
[32 20 94 87  9 56 32 23 27  0 14 66 14 33 24  1 91 52 21 49  6  9 45 21
 60 76  8 92]
[19 16 61 85 36 53 52 43 58  8 69 67 61 76 80 82 83 66 42 58 25 10 39  7
 16 94 56 23]
[85 46 40 44 89 18 26 36 67 10 49 51 70 60 73 36 17 71 14 54 59 90 14 95
 50 20  3 49]
[10 36 19  8 51 78 41 69 73 94 22 37 69 41 23 34 25 40 43 54 28 96 34 40
 94 56 71 46]
[68 69 52 83 34 97 33 22 10 70 37 56 45 96 20 32 74 49 80 51  9 11 20 54
 96 92 45 66]
[21 47 32 31 38 87 94 39 97 53 47 44 67 46 49 35 51 82 74 12 25 71 21  7
 64 70 66  6]
[18 91 90 22 34 66 27 24 56 64 81 48 31  2  3 17 82 78 63 48 16 64 20 74
 37 58  8 96]
[45  1 64 25 75 89 33 91 41  6 41 95 74 27 70 41  6 52 48 14 16 11 88 71
 34 45 64 20]
[ 9 32 79 77  5 41 47 48 36 74 17 94 17  6 16 44 65  0 42 21 53  9 25 89
 54 24 22  9]
[10 99 21 87 81 28 76 83 67 99 20 82 25 53 36 53 45 86 55 59 67 83 64 42
 48 28 73 94]
[59 63 31 65 40 77 12 74 37 54 14 11 18  8 61 86  9 35 27 97 63 33 72 84
 52 55 12 68]
[23 34 14 65 13  5  9 70 32 23 26 70 31 84 45 22 62 28 36 91  3 51  2 77
 85 28 27 72]
[ 9 29 99 74 30 28 41 67  9 67 69 29 92 25 31 62 85 68 75 17 50 76  6 56
  8 72 96 51]
[70 36 19 20 40 38 59 71  4 73 82 75  1 32 35 11 81  0 35 61 64 71 72 62
 80 78 10 72]
[54 87 42 47 54 41  6 78 19 89 21 92 88 50 67  7 99 43  1 84  2 72  0 85
 18 84 69 54]
[76 93 59 10 68 50 63 66 14 82 99 26 55 77 30 44 74  1 38  9 59 73 39 18
 23  8 98 50]
[54 16 53 23 64 29 58 79 90 42 79 58 63 83 37 93 59 53 27 25 47 82 83 50
  9 87 48 76]
[74 69 37 55 34 65 56 67 63 19 68 77 70 40  0  7 93 76 66 65 20 47 74 42
 76 49 88 54]
[94 91 92 36 65 90 11 52 52 70 18 22 46 38 49 45 27 63 64 41 21 54 46 81
 79 66 75 90]
[64 87 79 12 50 88 26 12 91 11 86 70 55 95  8 69  0  3 97 10 41 65 21  2
 55 83 76 96]
[53 73 31  9  2 85 79 68 86 16 73 67 58 94 68 30 62 29  4 38 35 36 92 58
 11 75 98 21]
[26 34 58 49 87 97 14 49 87 62 39 99 46 83 36 42 18 13 91 38 87 44  0 48
  3 58 90 13]
[37 32 15 89 73 32 70 37 50 66 90 99 20 60 62 97 77  3 92 85  6  0  3 87
 79 39 41 73]
[ 0 62 82 66 63 60 57 26  2 46 89  5 18 96 94  8 76 74 74 56 93 70 24  1
 94 49 14 41]
[63 11 60  9 51 58 28  1 93 57 46 25 81 24 30 87 12 45 34 85  6 10 42 94
 24 10 29 50]
[46 51 94 27 72 14 24 37 45 14 39  0  0 27 88 53  5 25 90 89 56  6 25 51
 76 85 35 95]
[90 87 17 52 92 83 39 71 58 45  4 54 87 69 35 78 18  4 36 89 63 41 10 17
 65 69 20 64]
[47 33 37 95 27 61 11 18 55 34 37 79 45 13 62  1 53 50 66 67 40 19 45 76
 70 62 72 47]
[70 96 61  0 57  1 81 28  4 49 84 77  2 49  8 73 25 85  8 73 66 36 62 33
  6 71 10 59]
[ 8 36  8 64  6 76 91 28 48 71 13 76 10 70 86 75 50  5 60 28 75 72 54 96
 25 51 69 29]
[54 39 15  2 47 26 93 59 78 23 44 24 55 50 35 17 79 73 26 31 42  4 90 55
 75 84 78 18]
[67 85 21 86 63 64 89 11 18 10 99 52 74 98 15 84 41 96  1 58 32 59 50 42
 26 66 45 41]
[ 8 24 87 98 72 75 46 62 69 40 99 63 33 94 45 91 50 42 47 26 22 53 73 17
 43 55 55 68]
[96 89 80 36 71 35 90 35 66 99  9 44 73 91 21 56 54 18 25 74  6 92 71 83
 51 13 89 18]
[61 32 84 47  3 86 11 57 40 77  7 72 35 43 16 73 41 40 15 33 65  0 36 12
 81 44 81 13]
[92 47 51 89 97 81 65 55 39  6 37 17 82 70 41 17 70 48 72  9 51 13 59  7
 66 48 14 42]
[99 14 72 98 21 48 80 60 91 36 15 56  4 99 55 69 52 90 42 68 25 56 71 36
 76 17 26 31]
[66 67 45 89 71 89 68 24 94 52 72 24 39 75 48 53 14 61 50 25 43 59 52 50
 92 38 48 37]
[36 93 91 82 17 22 79 87  3 39 23 46 98 86 90 99 70 55 87 27 26 38 59 76
 73 58 58 41]
[27 87 18 88 60 55  8 99  1 63 75 90 12 59 19 11 23 83 55 38  5 21 63 88
 58 92 75 92]
[68 56 31 45 82 26 46 85 94 71 45 56 53  1 44 96 47  3 15 98  9 11 36 17
 65 80 58 68]
[20 30 88 38 32 72  1 77 49 33 10 63  3 96 13 38 32 68 59 71 55  5 90 11
 66  5 19 24]
[33 10 46 64 56  1 63 14 82 16 37 31 93 28 62  4 26  5 79 11  2 88 85 15
 79 43 95 26]
[94 39 63 81 13 95 95  5 94 81 73 67 96 25 38 92 36 44 98 60 72 63 38 63
 98 67 21 64]
[76 12 31  9 73 65 57 98 96 79 90 66  1 19 85 96  3 94 65 85 21 53 96 50
 11 93 82 55]
[34 24 46 35 49 40 43 17 59 19 36 39  8 18 13  1 42 20 99  0 62 24 79 78
 13 84 36 43]
[53 60 80 49 26 88 89  8 80 31 76 87 66 16 81 10 44 43 78 23 26  6 72 82
 63 66 93 39]
[65 79 89 93 42 33 27 57 39 97 70 68 49 29 72 33 28 77 72  8 55  0 43 51
 13 22 45 28]
[35 28 26 52 23 84 22 14 85 15 71 22 12 11 87 28 11  6 35 16 12 15 38 23
 28  1 11 53]
[10 78 37 99 99 73  0 80 33 37 66 20 20 32 61 21 14 34 69 68 98 84 59 17
 44 51 79 44]
[32 36 44 51 68 27 97  9  1 10 72 36 19 65 10 18 92 82 45 85 19 95 86 71
 74 41 79 74]
[94 86 74 29 44 34  7 53 10  5  9 66 26 70 27 16 33 13  8 79 33 63 71 34
 19 46 57 77]
[81 55 77 53 22 80 38 84 27 40 80 42 41 19 58 34 10 62 12 96 52 96 29 96
 99 19 46 79]
[16 85 69 96 76  3 94  7 11 97 28 48  6 99 38 27 76 70 57 69 91 28 46  2
 18  2 68 29]
[69 16 96 31  1 21 48 72 29 87  4 21 15 11 60 61 68 78 40 54 90 91  0 54
 21 23 96 30]
[74 35 79 75 55 73 52 16 30 27 44 35 73 47 74 67 55  8 23 97 54 75 29 96
 30 58  1  4]
[91 84 86 68 48 62 19 60 35 81 88 41 17 19 39 17 27 15  1 57 13 84 83 13
 65 19 62 84]
[52 59 81 26 42 78 35 29 28 91 50 86 18 70 64 33 68 80 20 72 30 58 81 21
 35 17  5 43]
[83 49 34 73 47 61 83  1 31 16 83  1 34 56 38 42 35 79 85 28 94 66 88 33
  3 24 94 44]
[79 11 70 17 26 98 11 82  0 19 37 42 34 83 50 39 32 58 31  6  6 56 17 87
  9 96 63 56]
[43 63 52 95 52 77 83 29 92 64 42 40 36 23 10  0 93 55 68 85  2 61 69 39
  7 26 58 16]
[ 3 35 73 13 56 16 62 32 81 31 71 35 46 36 62 52 54  2 98 81 57 68 34 20
 86 46 38 46]
[53 59 17 94 28 96 82 60 35 46 96  5 22 66 96 56 17  5 44 84 52 79 38 25
 90 85  3 86]
[93 49 12 48 22 25 85 21 29 50 10  1 27 61 44 83 77 68 87 85 72 68 34 95
  2 94 40 78]
[ 1  9  0 48 33 97 23 52 38 43 22 74 65  8 94 58 45 75 95  4 25 54 71 66
 47 97 25 68]
[22 75 16 19 86 34 97 70 88  1 57 14  4 98 16 59  5 90 60 92 33 18 66 73
 37 54 54 57]
[ 1 52 55 24 74 78 69 48 49 61 96 48  8 61 12 91 19 91 86 14 65 11 77 74
 60 35 40 87]
[94 49 25 76 40 27 98 75 94 75  4 46 34 86 40 35 96 57 19 67 34  0 86 58
 74  2 43  7]
[61 57 63 51 11 73 15 27 23 39 94 64  4 96 15 81 37 63 72 14 36 25 54 32
 52 22 49 24]
[ 1 55 66 14 53 11 36 29 57 44  8 80 77 24 94 34 69 10 59 92 33 64 94 51
 20 14 23 14]
[23 25 13 71 90 13 99  0 11 30 75 16  5  4 50 30 15 21 63 42 33 64 97 79
 65  4 31 28]
[ 5 16 48 25 50 29  5 42 46 86 33 15  3 94 73 79 39  1 85 73 66 89 69 42
 12 71 86 21]
[50 17 38 50 27 50 86 67 75 44 40 30 44 94 16 25 70 39 19 34 19 24 48 45
 53 25 47 31]
[42 89 55 18  8 70 86 55 37 98 37  2  5 95 88 92 87 92  5 96 48 28 31  2
 75 51 13 18]
[11 18 46 16  7 14 47 63 12  8 20 66 18 26  9 77 84 96 14 24 96 82 95  3
 70 17 50 70]
[22 62 88 40 62 92 11  6 20 70 48 40 10 29 47 89 95 65 57 52 27 62 34 24
 69 42 37  4]
[24 35 24 47 99 73 70 45 67 52  0 63 93 87 49 99 90 73 40 33  9 86 54 86
 50 80 21 80]
[63  5  9 54 90 59 53 88 23 90 26 38 92 37 60 70 81 48 15 26 77 56 22 43
 90 18 69 96]
[43 95 17 99 80 34 49 23 43 95 29  2 74 83 49 82 36 41 68 20  8 55 53 83
 73 60 24 29]
[75 78 33 97 46 79 33 52 28 89 92 23 52 32  4 44 35 96 77  5 81 92 19 80
 13 40  3 80]
[52 51 12 66 63 75 44 19 95 29 18 41 96 41 81 75 90 60 63 26 20 65  6 76
 58 38 48 16]
[92 71 48 99 31 10 12 55 19 75 49 72 27 24 74 88 69 36  9  2 29 78 54 74
 40 93  9 90]
[19 41 95 79  9 88 44 27 62 84 61 20 88 74 17  4 10 69 45 50 13 90 86 34
 38 63 14 38]
[37  4  6 82 42 19  4 46 69 37 49  4 45 95 41 26 95 11 87 94 95 87 56 27
 42 57 12 24]
[42  1 84 43 18  7 38 76  7  8 39 59 96 21 35  1 71 95 69 81 54 31 40 47
 99 66 40 29]
[48 70 17  0 76 10 45 15 79 24  7 71 23 88 10  3 91 61 80 67 55 26 93  5
 75 96 52 66]
[ 3 30 73  3 74 39 50 54 97 55 78 72 59 33 29 92 61 54 86 31 74 24 44 24
 90 34 56 50]
[20 91 29 50 84 42 13 14 59 89 85  6  9 86 35 24  2 49 80 63 15 75 70 20
 81 96 86 65]
[53 38 55 68 60 37 95 29 80 86 91 55  9 37 87 49 33 94 34 45  8 43 35 78
 87 83 79 68]
[24 46 52 21 97 66 55 96  9 95  4 17 51 77 53 91 55 23 70 88 98 34 79 29
 43 67 26 25]
[63 17 15 37 75  6 52 80  7 58 28 74 56  8 20 53 55 36 40 22 12 88 24 59
 71  1 51 41]
[79 22 63  3  1 39 21 81 68 74 72 90 10 38 70 25 12 85 19 45 74 63 34 19
 23 27 72 86]
[55 62 78  3 60  4 43  3  2 92 50 48 29  6 82 50 11 30 72 40 28 76 51 74
 49 52 24 35]
[ 8 14 65 60 18 85 64 70 16 55  0 62 84 64  9  8 42 21 53 41 60 16 34 45
 72 18 49 59]
[44 13 97 53 78 53 89 51 28 12 51 47  3 75 37  2 67 26 95 47 29  5 47 95
 51 12  6  1]
[85 26  9 42 80 26 13 73 89 20 75 33 55 72 36 60 57 18 69 16  4 19 47 30
 40 71 22 96]
[27 39 10 43 71 61 30 59 99 87 11 80 28 61 90 94 62 79 23 88 85 41 51 74
 46 52 33 73]
[35 14 48 75  1 37 36 13  4 37 37 11 30 71 78 41 50 85 90 75 80 89 47 21
 34 52  1 89]
[ 4 81  0 73  0 87 74  9 13 24 33 10 84 32 53 40 71 54 69 81 48 74 10 86
 25 34 14 92]
[99 24  5 33 10 50 69 68 53 55 83 18 91  1 55 84 19 89 59 11 25  3 40 80
  9 70 65 16]
[ 2 68 99 49 52 62  9 93 17 19  9 47 38  2  0 29 74  1 22  9 90 71 94 92
 46 25 56 20]
[21 94 86 74 43 76 77 40 80  7  7 10 41 14 66 20 40 63 14 73 24 86 13 98
 81 54  8 80]
[99 69 84 65 98 70 85  6 78 34 65 39 73 86 36 85 35 37 90 83 54 79  0 24
 41 46  9 50]
[74 40 14 25 17 53 86 67 26 92 82 45  6 70 64 28 16 81 98  1 18 34 34 39
 80 54 90 31]
[78 88 49 61 32 22 69 87 42 61  7 98 25 41 52 33 53 14  5 78 51 66 27 97
 59 89 81 39]
[72 85 79 40 52 43 84 18 89 75 82 76 56 22 11 13  3 20 61 73 78 41 20 79
 63 68 63 83]
[24 39 57 61 76  5 50 65 80 74 70 30 55 52 20 36 91  3 44 13 63 99 89 92
 87 83 77 63]
[69 60 48 43 17 47 88 27 83 59 34  8  6 45 84 15 32 60 48 61 71 18 76 23
 35 31 93 11]
[ 4 75 23 53 90 45 48 83 98 26  1 92 29 96 88 53 77 39 23 41 27 26 25 36
 77 15 33  0]
[ 5 78  8 61 94  2 54 31 61 13  2 23 43 35 22 40 45 57 93 23 94  1 19 78
  4 73 36 38]
[64  4 45 12 11 75 19 97 46 31  9 58 93 99 96 43 95 42 52 22  4 22 97 35
 96 66 14 60]
[82 57  8 34 72  4 63 46  1 41 16 56 64 19 60 32 44 58 59 27  2  4  5 70
 91 24 31 75]
[20 64 63 79 86  0 14 35 68 90 99 47 12 60 21 55 13 59 44  2 36 99 57 27
 76 14 44 79]
[88 51 11 94 81 40 40 79 14 76 95 71 17 37 70 91 86 95 67 47 86 66 18 82
 33 28 65 29]
[41 57 81 27 13 22 72 79 10 99 62 86 92 71 93 98  0 46 41 47 54  5 77 42
 42 39 88 78]
[13 98 82 94 85  3 51 93 82 28  9 55 68 84 35 32 61 98  6 48 65 59 15 50
 16 96 85 81]
[57 16 39  4 88 95 94 14  7  1 88 15 84 20 92 70 53 44 64 98 17 32 38  9
 67 44 56 32]
[80 15 78 88 83 84 97 55 45 29 59 60 22 23 66  0 52  0 76 75  1 72 12 62
  1 93 55 59]
[85 32 94 13 36 20 91 59 50 62 37 30 48 28 80 42 94 93  6 11 95 13 27 39
 53 79 56  6]
[71 60 19 27 44 74 12 11 90 23 50 99 32 20 52 69 50 98 45 88 83  6 93 57
 10 11 85 53]
[21 85 17 10 73 60 91 41 23 44 38 46 87 28 12  2 22 82 39 34 61 81 38 17
 53 56 91 34]
[40 32 65 89 14 97 56 19 21 82 96 68 72 54 67 42 41 33 91 74 38 43 31 43
 41 56 10 49]
[33 44 70 53  1 52 78 72 89  9 77 54 88 13 43 93 34 32 83 97 17 39  2 68
 80 10 27 73]
[31  6 19 87 60 55 65 22 98 51 38 99 80 76 40 20 16 89 69 22  8  5 38 99
 51 36 60 83]
[63 58 93 48 57 65 63  9 28 72 13 42 45 40 37 34 70 41  8 80  6 90 88 89
 41 97 35 59]
[76 49 95 34 61 51 62 65  0 87 62 61 16 87  7 34 85 35 31 48 65 84 14 15
 77  6 52 25]
[42 47 75 81 99 46 19 85 30 73 68 27 41 12 35 53 17 41 40 90 27  0 21 40
 21 31 97 63]
[ 3 63 26  9  8 50 33 61 57 49 68 60 60 85 29 24 59 85 25  7 93 17 75 76
 83  4 96  9]
[86 21 83 64 86 65 19 79 48 40 27 11 83 48 57 51 97 72 39 64 87 68 36 97
 32 79 64 52]
[27 78 53 26 87 77 31 84  4 28 94 49 76 68 27 63 42 83 20 75  8  2 90 26
 70  7 64 84]
[73 50 49 23 44 91  5 18 32 33 71  1  1 11 72 68 83 53 24 73 29  8 49 89
 36 27 58 25]
[74 67 74 66 60 78  2 92  7 66 57 46 74 49 37 94 76 15 44 16 13 79 67 10
 17 15  4  9]
[43 32 89 26 80 51 23 54 96 46 94  3 48 74 48  8 84 26 87 23 64 45 82 51
 53 56  6 45]
[27 51 99 77 35 10 62 25 33 98 98 34 85 54 13 63 46 54 70 92 76 89 24 19
 61 21 45 83]
[59 81 72 91  7 47 30 23  5 84  3 50  4 65 64 12 30 80 55 66 69 38  5 25
 99 49 86 34]
[73 19 98 58 14 87 76 95 93 87 72 85 34 46  2 82 95 59 62  4 45 25 65 67
 88 95 20 98]
[22 91 45 89 47 30 96 24 61 22 30 40 76 89 51 89 54 19 24  3 62 53 55 47
  8 91 96  8]
[60 87  1 74 12 57 20  0 23  6 26 55 83 19 21 40 98  2 64 89 51 24 74 82
 26 60 23 85]
[15  4 25 60 87 40 78 70 20 42 76 54 71 75 73 48 93 30 55  9 98 64  7 20
 17 79 81  4]
